,hemisphere_id,id,is_injection,max_voxel_density,max_voxel_x,max_voxel_y,max_voxel_z,normalized_projection_volume,projection_density,projection_energy,projection_intensity,projection_volume,experiment_id,structure_id,sum_pixel_intensity,sum_pixels,sum_projection_pixel_intensity,sum_projection_pixels,volume
0,3,631740519,False,0.0,0,0,0,0.0,0.0,0.0,0.0,0.0,273025872,643,25811886080.0,132251400.0,0.0,0.0,0.162007965
1,2,631739002,False,0.290650367736816,6450,1840,8020,0.00193163309401407,0.00217488594353199,0.768097996711731,353.1669921875,0.00035264859765625,273025872,182305709,18267006976.0,132363904.0,101668448.0,287876.40625,0.1621457824
2,3,631740957,False,0.100987300276756,8460,5650,5420,8.50501955168294e-05,0.000227111174676877,0.0645033062597203,284.016435349307,1.55271890258789e-05,273025872,607344846,7683645440.0,55810800.0,3599981.125,12675.2563476562,0.06836823
3,1,631738753,False,0.275044083595276,7110,3100,3230,0.000157622270212508,0.000124535814393312,0.0596765615046024,479.191955566406,2.87763099121094e-05,273025872,496345668,29766703104.0,188627392.0,11256634.0,23490.865234375,0.2310685552
4,3,631740175,False,0.446027517318726,6720,3480,6910,0.0033548075811835,0.000546519927402742,0.262375504624009,480.084058180479,0.000612470449267578,273025872,155,185286606848.0,914835584.0,240030448.0,499975.876953125,1.1206735904
5,2,631738825,False,0.0945707485079765,6270,2640,9330,5.87941235481405e-06,3.43193869412062e-06,0.00160874635912478,468.757293701172,1.07337492218018e-06,273025872,702,55731982336.0,255314704.0,410736.59375,876.224426269531,0.3127605124
6,3,631740262,False,0.205722391605377,9220,3920,7570,0.000461288470825656,0.000777936709937394,0.242749667843905,312.042952521729,8.42151301174998e-05,273025872,271,11648517120.0,88371000.0,21452030.8970337,68747.0449938774,0.108254475
7,3,631740632,False,0.654443085193634,4400,5110,2530,0.0589265452864453,0.0135443107989855,4.36482873855933,322.262889809518,0.010757924796582,273025872,800,87167049728.0,648388800.0,2830106068.0,8781979.42578125,0.79427628
8,2,631739017,False,0.0,0,0,0,0.0,0.0,0.0,0.0,0.0,273025872,957,205888749568.0,986190272.0,0.0,0.0,1.2080830832
9,3,631740360,False,0.0072371494024992,7680,840,7850,1.95766480649652e-07,5.41570571547686e-07,0.000185903603951806,343.267551300906,3.57401077270508e-08,273025872,401,11466078208.0,53872200.0,10015.0361328125,29.1755981445312,0.065993445
10,2,631738888,False,0.5429567694664,3660,4690,7900,0.0587353896903606,0.0270007476210594,8.57829570770264,317.705871582031,0.010723026475,273025872,800,45327400960.0,324194400.0,2781035520.0,8753491.0,0.39713814
11,1,631739837,False,0.117516383528709,7700,6190,2800,9.34959543167127e-06,4.31398757427814e-06,0.00166020391043276,384.842102050781,1.70690889892578e-06,273025872,334,67146272768.0,322994688.0,536237.0625,1393.39501953125,0.3956684928
12,1,631739596,False,0.255865216255188,7180,4900,5420,0.00154800457505785,0.000180874589876309,0.0903871313703593,499.722661055765,0.000282611456726074,273025872,709,206835539968.0,1275487232.0,115287632.0,230703.229980469,1.5624718592
13,1,631739612,False,0.18518628180027,5150,6740,4910,0.00024784139572964,0.00125456275418401,0.388205975294113,309.435272216797,4.52471646484375e-05,273025872,689,2852503552.0,29441700.0,11429444.0,36936.4609375,0.0360660825
14,3,631740639,False,0.453450798988342,6040,1910,6230,0.00138015946722005,0.000628916273228665,0.199447771124418,317.129289882282,0.000251968814453125,273025872,810,44965492736.0,327052800.0,65229952.0,205688.828125,0.40063968
15,1,631740061,False,0.352853059768677,8140,5140,5620,0.000426572072159014,0.0016276523238048,0.654228091239929,401.945861816406,7.78771307617187e-05,273025872,12,5359162368.0,39058200.0,25552972.0,63573.16796875,0.047846295
16,3,631740719,False,0.428088814020157,3080,3130,6510,0.00784657843805615,0.00695900286241868,1.89989269123927,273.012201431821,0.00143251060004883,273025872,910,8749473280.0,168040800.0,319259487.75,1169396.40820312,0.20584998
17,1,631739812,False,0.0,0,0,0,0.0,0.0,0.0,0.0,0.0,273025872,368,791065472.0,5916600.0,0.0,0.0,0.007247835
18,3,631740901,False,0.390851259231567,3560,4280,6770,0.00148124153494302,0.000395651093923947,0.121812745202269,307.879207394998,0.000270422862243652,273025872,1125,32036615168.0,557949568.0,67965368.5625,220753.356933594,0.6834882208
19,1,631739944,False,0.296332836151123,6220,4750,5580,0.00126332768873977,0.00461324350908399,2.45079159736633,531.251281738281,0.000230639420703125,273025872,189,9483692032.0,40812300.0,100022440.0,188277.078125,0.0499950675
20,3,631740272,False,0.226420357823372,7230,1000,7280,0.000510035141060914,0.000237749492274676,0.115670430261266,486.522301917813,9.3114566015625e-05,273025872,312782562,84614164480.0,319714208.0,36981480.0,76011.890625,0.3916499048
21,1,631739937,False,0.0,0,0,0,0.0,0.0,0.0,0.0,0.0,273025872,201,130693529600.0,682217984.0,0.0,0.0,0.8357170304
22,3,631740119,False,0.325942009687424,4960,5390,5850,0.00152372223341585,0.00253507449640044,0.998482702032888,393.867203291515,0.000278178351000977,273025872,72,16136149504.0,89577000.0,89441085.0,227084.368164062,0.109731825
23,2,631738902,False,0.0249435994774103,9920,1960,7160,4.62167804885448e-06,1.15623356577998e-06,0.000528674747329205,457.238708496094,8.43756657409668e-07,273025872,820,92688293888.0,595710912.0,314937.3125,688.780944824219,0.7297458672
24,3,631740109,False,0.43359512090683,8020,5620,6210,0.00392915621529296,0.0131857206127729,4.73416756737282,359.037454713462,0.000717326408203125,273025872,54,5963177472.0,44409600.0,210242488.0,585572.578125,0.05440176
25,1,631739308,False,0.0,0,0,0,0.0,0.0,0.0,0.0,0.0,273025872,1102,81344512000.0,743256000.0,0.0,0.0,0.9104886
26,2,631738738,False,0.160120025277138,7320,2520,10100,8.19421341304319e-05,8.29002528917044e-05,0.0344313830137253,415.335052490234,1.49597657958984e-05,273025872,600,31333142528.0,147310208.0,5072094.0,12212.0537109375,0.1804550048
27,1,631739422,False,0.23447097837925,7370,3210,5260,0.000429058048820287,0.000213761370183607,0.0796227173638165,372.484127021762,7.83309830932617e-05,273025872,958,27429025792.0,299135712.0,23817998.25,63943.6596679688,0.3664412472
28,3,631740609,True,0.453150570392609,6230,1010,6340,0.000421898285193251,0.203966568490857,241.124043348469,1182.17433931717,7.70238608398437e-05,273025872,767,169824720.0,308269.25,74331128.0,62876.62109375,0.00037762983125
29,2,631738355,False,0.578948199748993,6020,1230,6140,0.041547547821724,0.00439425150867751,1.42928125777251,325.261595734803,0.0075851281078125,273025872,39,171471710784.0,1409100344.0,2014000712.0,6191941.3125,1.7261479214
30,3,631740404,True,1.0,7370,5250,6090,0.137967025815666,0.430158612472663,1007.99073205486,2343.30012890052,0.0251879502,273025872,467,65777033216.0,47800024.0,48181981184.0,20561592.0,0.0585550294
31,3,631740555,False,0.958819925785065,4000,5060,9330,2.11084894629674,0.00157998642491985,0.657585610568115,416.197000301108,0.385367139899652,273025872,688,30876669792454.5,199106407096.0,130929508278.247,314585420.326246,243.9053486926
32,2,631738559,False,0.322427034378052,6150,6630,8490,0.00716786705772775,0.00309331831522286,1.14903879165649,371.458282470703,0.00130860165625,273025872,327,66043990016.0,345339904.0,396808928.0,1068246.25,0.4230413824
33,3,631740723,False,0.269680768251419,8670,2520,3870,0.000910783856134847,0.000751177294078143,0.252388333266924,335.990365066424,0.000166277255566406,273025872,916,3697149312.0,180698400.0,45606168.0,135736.53515625,0.22135554
34,3,631740841,False,0.276967734098434,9070,3780,9940,0.00161239663795236,0.00449858003474562,1.37734869928562,306.174101304725,0.00029436719375,273025872,1045,6767100416.0,53416800.0,73573560.0,240299.75,0.06543558
35,3,631740650,False,0.532876253128052,7340,5410,6360,0.0208401582334091,0.00434422027890101,1.94759524931633,448.318714125848,0.00380468350781555,273025872,824,36822832973.5625,714941667.0,1392416994.1875,3105864.0880127,0.875803542075
36,3,631740246,False,0.133349224925041,8450,2630,9640,9.03910349378329e-05,0.000188552070670727,0.0792297706226835,420.201010473358,1.65022393798828e-05,273025872,249,13952404992.0,71445600.0,5660618.5,13471.2158203125,0.08752086
37,1,631739958,False,0.352853059768677,8140,5140,5620,0.00125041639519886,0.000564577365096009,0.2168692026769,384.126633628007,0.00022828227038548,273025872,165,49359314272.0,330075000.0,71583102.0735779,186352.873784065,0.404341875
38,1,631739487,False,0.0335063934326172,10440,3970,5380,2.98532057460601e-06,9.53100698097842e-06,0.00562750361859798,590.441711425781,5.4501505355835e-07,273025872,880,9043338240.0,46680300.0,262693.5625,444.910247802734,0.0571833675
39,2,631738750,False,0.113241292536259,8680,1740,9180,2.50782262344782e-05,2.64067366515519e-05,0.0137647064402699,521.257385253906,4.57840639648437e-06,273025872,613,33161988096.0,141534896.0,1948186.25,3737.474609375,0.1733802476
40,3,631740633,False,0.131303563714027,5580,4420,6450,0.000152958227074021,9.35671736149592e-05,0.0287601814226491,307.374694687273,2.79248188720703e-05,273025872,802,8267642368.0,243630000.0,7006843.0,22795.7705078125,0.29844675
41,2,631739965,False,0.0,0,0,0,0.0,0.0,0.0,0.0,0.0,273025872,589508451,567916800.0,46185300.0,0.0,0.0,0.0565769925
42,2,631738558,False,0.119972452521324,9780,4320,6740,9.55173889342854e-05,3.69393201253843e-05,0.009209212847054,249.306503295898,1.74381322021484e-05,273025872,326,3398867912.0,385367392.0,3548930.5,14235.2099609375,0.4720750552
43,2,631738848,True,1.0,7270,4930,6090,0.0163938317342842,0.578940749168396,1201.39294433594,2075.15698242188,0.00299293990625,273025872,741,6430897664.0,4220149.0,5070057472.0,2443216.25,0.005169682525
44,3,631740435,False,0.168412938714027,10060,3840,7880,0.000174891210305311,5.65292639995953e-07,0.000383519058270191,678.443395747974,3.19290139766693e-05,273025872,528,8577072952320.0,46107979056.0,17683288.7062988,26064.5012054443,56.4822743436
45,2,631739136,False,0.168412938714027,10060,3840,7880,2.41807522498219e-05,1.19068351978058e-06,0.000644231680780649,541.060363769531,4.41455905761719e-06,273025872,1091,666287276032.0,3026599168.0,1949831.0,3603.7216796875,3.7075839808
46,2,631738729,False,0.410121381282806,8110,1700,6650,0.00357573649976652,0.00179501553066075,0.537892818450928,299.659149169922,0.0006528043375,273025872,590,42612346880.0,296878496.0,159688816.0,532901.5,0.3636761576
47,1,631740054,False,0.133380591869354,5730,6860,4060,0.000107680981369934,7.21366232028231e-05,0.0239369701594114,331.828247070312,1.96587784667969e-05,273025872,23,40373633024.0,222466496.0,5325174.0,16047.982421875,0.2725214576
48,1,631739529,False,0.0,0,0,0,0.0,0.0,0.0,0.0,0.0,273025872,821,166482378752.0,899568000.0,0.0,0.0,1.1019708
49,3,631740176,False,0.243323102593422,7810,2430,9420,0.00128115339242648,0.0011496198870753,0.444179338648316,386.370611401247,0.00023389377031374,273025872,156,31527432192.0,166084192.0,73771166.5625,190933.690052032,0.2034531352
50,2,631739120,False,0.267319679260254,6780,1590,8390,0.00104317186782297,0.000285985617665574,0.143629252910614,502.225463867188,0.000190446673046875,273025872,1070,132850212864.0,543617088.0,78079320.0,155466.671875,0.6659309328
51,1,631739804,False,0.373229652643204,12210,7250,5650,0.000502471267432581,0.000744445105186574,0.295209923929727,396.550292120923,9.17336674194336e-05,273025872,379,4151155664.0,100591200.0,29695520.5,74884.6264648438,0.12322422
52,1,631739901,False,0.0,0,0,0,0.0,0.0,0.0,0.0,0.0,273025872,243,1326568704.0,13707000.0,0.0,0.0,0.016791075
53,1,631739332,False,0.198393315076828,9020,3490,3300,7.92105599451428e-05,0.000151558415382169,0.0506791733205318,334.387084960938,1.44610759521484e-05,273025872,1072,10847373312.0,77890496.0,3947426.0,11804.9599609375,0.0954158576
54,3,631740295,False,0.52220743894577,10850,4910,5520,0.000162117601635548,0.00154639121903802,1.83981872439836,1189.74985226758,2.95970000976562e-05,273025872,318,3354885632.0,15624000.0,28745327.75,24160.81640625,0.0191394
55,2,631738749,False,0.0800008848309517,9350,5730,7160,1.9461080179486e-05,8.90485625859583e-06,0.00268302112817764,301.298645019531,3.55291212158203e-06,273025872,612,17530030080.0,325702784.0,873867.4375,2900.33642578125,0.3989859104
56,1,631740043,False,0.352226048707962,5780,5330,5530,0.000426411112257734,0.000748187536373734,0.288435369729996,385.512145996094,7.78477451171875e-05,273025872,38,11236398080.0,84937504.0,24498980.0,63549.1796875,0.1040484424
57,3,631740075,True,1.0,7270,4930,6090,0.964600602050594,0.547145838734599,2168.12991883048,3962.61794450413,0.176102309835989,273025872,8,641215694164.812,262739798.869141,569654018795.688,143756987.621216,0.321856253614697
58,2,631739084,False,0.709353506565094,6370,1360,6500,0.00756926986079004,0.00105429161339998,0.342710018157959,325.061889648438,0.001381883759375,273025872,1021,62487735730.4375,1069977536.0,366692032.0,1128068.375,1.3107224816
59,1,631739299,False,0.0,0,0,0,0.0,0.0,0.0,0.0,0.0,273025872,1114,9977166848.0,46868400.0,0.0,0.0,0.05741379
60,1,631740010,False,0.195299074053764,9420,2890,930,0.000231313348442695,0.000145805723150261,0.0466330274939537,319.829895019531,4.22297216796875e-05,273025872,97,38773223424.0,236432704.0,11025573.0,34473.2421875,0.2896300624
61,3,631740240,False,0.0456018336117268,7650,1020,8510,1.46221772785148e-05,8.7604946901989e-06,0.00356556067704457,407.004490400943,2.66949780883789e-06,273025872,312782608,54221735936.0,248751008.0,886936.8125,2179.18188476562,0.3047199848
62,2,631738906,False,0.532876253128052,7340,5410,6360,0.0195108187678895,0.00841497082567382,3.8414474476495,456.501576443896,0.00356199264702148,273025872,824,20930275757.5625,345544763.0,1327392047.875,2907749.09960938,0.423292334675
63,1,631739856,False,0.0575248301029205,7640,6140,2250,1.17344569505951e-05,5.46409455637331e-06,0.00226345309056342,414.2412109375,2.14230114440918e-06,273025872,311,68165091328.0,320056192.0,724432.1875,1748.81726074219,0.3920688352
64,2,631738791,False,0.499671190977097,4820,6720,8530,0.00122111420506478,0.000447247817646712,0.108280554413795,242.104156494141,0.000222932716015625,273025872,665,8551731712.0,406901696.0,44059540.0,181985.890625,0.4984545776
65,1,631739386,False,0.0,0,0,0,0.0,0.0,0.0,0.0,0.0,273025872,998,33652109312.0,192810592.0,0.0,0.0,0.2361929752
66,2,631738526,False,0.152019307017326,7760,480,7990,9.02466401981887e-05,0.000219704888877459,0.0790544524788857,359.821105957031,1.64758779541016e-05,273025872,281,11281395712.0,61217100.0,4839484.5,13449.6962890625,0.0749909475
67,3,631740569,False,0.0945707485079765,6270,2640,9330,5.87941235481405e-06,1.71596937532734e-06,0.000804373166360994,468.757297144391,1.07337492218018e-06,273025872,702,108115746816.0,510629408.0,410736.59375,876.224426269531,0.6255210248
68,3,631740347,False,0.692408740520477,6910,3510,10550,0.0710740596316654,0.00130506460583146,0.505837407365158,387.595683083358,0.012975635764636,273025872,378,1518748207616.0,8116345872.0,4105551353.17139,10592355.7262335,9.9425236932
69,2,631738642,True,1.0,6940,5240,6080,0.221696555407396,0.783239531149013,4562.86825200797,5825.63579919701,0.04047403185,273025872,444,198976438272.0,42183808.0,192479158272.0,33040026.0,0.0516751648
70,2,631738648,False,0.254994362592697,6920,6690,8760,0.00123532092802393,0.000975400558672845,0.388241916894913,398.033325195312,0.00022552636640625,273025872,451,41561468928.0,188746208.0,73279192.0,184103.15625,0.2312141048
71,3,631740724,False,0.0153568666428328,12620,5180,6320,4.37397383992232e-07,7.77807523385857e-06,0.00412912084019425,530.866662515666,7.98534538269043e-08,273025872,917,324239968.0,8380800.0,34605.3359375,65.1864929199219,0.01026648
72,1,631739465,False,0.350796014070511,3470,3610,4840,6.48425560036558e-05,0.000115015616756864,0.0337369479238987,293.324920654297,1.18379812988281e-05,273025872,910,4650630144.0,84020400.0,2834591.75,9663.658203125,0.10292499
73,2,631739026,True,0.650980830192566,6260,540,6320,0.000609920444658737,0.125547289848328,88.4129028320312,704.219909667969,0.0001113501265625,273025872,965,201540288.0,724014.5625,64012228.0,90898.0625,0.0008869178390625
74,3,631740885,False,0.581180989742279,3860,4470,8540,0.0825849034347745,0.00905903032639131,2.71170679330066,299.337423057384,0.0150771129745605,273025872,1101,157074800640.0,1358627456.0,3684199302.0,12307847.3261719,1.6643186336
75,3,631740743,False,0.182105451822281,11370,5220,5450,0.000307169972626917,5.37114385672779e-05,0.0219951273557547,409.505459962761,5.60784863464355e-05,273025872,938,35731111936.0,852301808.0,18746486.8125,45778.3562011719,1.0440697148
76,2,631738353,False,0.603860855102539,4290,4270,9690,0.0372262913997411,0.0628228858113289,28.199047088623,448.865844726562,0.006796217925,273025872,36,14889024512.0,88310704.0,2490277632.0,5547933.0,0.1081806124
77,2,631738441,False,0.454151630401611,8490,4400,5750,0.00264230204556184,0.00119302972385759,0.402666360296902,337.515782083705,0.000482391875475311,273025872,165,48213108288.0,330075000.0,132910098.875,393789.286102295,0.404341875
78,2,631738455,False,0.495388716459274,2110,3320,6690,0.00645215016783687,0.0138348415493965,3.85486364364624,278.634460449219,0.0011779368015625,273025872,188,1739441408.0,69504304.0,267929616.0,961581.0625,0.0851427724
79,2,631739260,False,0.45472240447998,8420,5730,7530,0.00417862618658133,0.000321339175570756,0.123839661478996,385.386138916016,0.00076287089375,273025872,10703,458809802752.0,1937988864.0,239999888.0,622751.75,2.3740363584
80,2,631739196,False,0.971578299999237,6370,5280,6900,0.12044125590776,0.0275592654943466,21.9335594177246,795.868835449219,0.021988358,273025872,262,110970413056.0,651312000.0,14285590528.0,17949680.0,0.7978572
81,2,631738823,False,0.261910200119019,3810,4180,7780,0.0002168842277043,0.0234733708202839,6.60546541213989,281.402496337891,3.95954692382812e-05,273025872,699,95852656.0,1377000.0,9095726.0,32322.83203125,0.001686825
82,2,631739253,False,0.511187970638275,6720,2610,6170,0.00974267845929558,0.000136054731835881,0.0704706315856937,517.957961731903,0.00177867210223999,273025872,1080,2524479149056.0,10672008292.0,752063164.625,1451977.22631836,13.0732101577
83,2,631738925,False,0.354237884283066,8510,2510,5780,0.00115507152669019,0.000292610027827322,0.0873300433158875,298.451965332031,0.000210875634375,273025872,848,4972286371.0,588303040.0,51376528.0,172143.375,0.720671224
84,3,631740570,False,0.643481552600861,4930,5340,8800,0.0705443761666768,0.00131137195607763,0.458354685578061,349.523019349156,0.0128789341023437,273025872,703,1478381987840.0,8017111808.0,3674680762.0,10513415.59375,9.8209619648
85,2,631739141,True,1.0,7370,5250,6090,0.233370278951528,0.427615910768509,1066.79052734375,2494.73999023438,0.0426052452,273025872,1097,116007198720.0,81334184.0,86766534656.0,34779792.0,0.0996343754
86,1,631739643,False,0.128597661852837,10220,4260,3630,5.7714363777628e-05,9.42804265329121e-07,0.000811423891901703,860.649364604269,1.05366228782654e-05,273025872,645,1976553613312.0,9123128856.0,7402724.72265625,8601.32479858398,11.1758328486
87,1,631738469,False,0.0,0,0,0,0.0,0.0,0.0,0.0,0.0,273025872,312782640,5165729280.0,27284400.0,0.0,0.0,0.03342339
88,3,631740377,False,0.0440931655466557,5520,5040,5890,5.73662424909737e-06,0.000114038193402361,0.0807876650660264,708.426384667313,1.04730681152344e-06,273025872,428,920650912.0,7497000.0,605665.125,854.9443359375,0.009183825
89,1,631739313,False,0.641022026538849,7280,5230,5670,0.138022946446381,0.00300686340779066,1.25176131725311,416.301391601562,0.02519815935,273025872,1097,1019250523552.0,6840991232.0,8563288576.0,20569926.0,8.3802142592
90,3,631740518,False,0.104616060853004,9940,6760,6130,4.67403367396585e-05,5.01101818697108e-05,0.0121822312844938,243.108901822952,8.53314962158203e-06,273025872,642,5093475072.0,139010400.0,1693456.84375,6965.83642578125,0.17028774
91,1,631740032,False,0.224419459700584,4260,5500,5300,0.000382987454408831,2.88181436189916e-05,0.0131516363471746,456.366546630859,6.99201049804687e-05,273025872,56,356999036928.0,1980614656.0,26048324.0,57077.63671875,2.4262529536
92,3,631740587,False,0.60417652130127,2510,3340,5680,0.05304271544025,0.00627671086885044,1.97787179475693,315.112777389916,0.00968374339508362,273025872,731,92223799264.0,1259432976.0,2490996960.61719,7905096.64904785,1.5428053956
93,1,631739439,False,0.0697322115302086,7850,1590,5110,1.03265083107752e-05,2.70194527729473e-06,0.000723472505342215,267.759857177734,1.88525899963379e-06,273025872,940,9957377024.0,569584768.0,412078.90625,1538.98693847656,0.6977413408
94,2,631738632,False,0.141639620065689,7400,870,7050,8.55318793575389e-05,0.000124532947666012,0.0538521707057953,432.43310546875,1.56151276367187e-05,273025872,433,24238170112.0,102358800.0,5512243.5,12747.04296875,0.12538953
95,2,631738878,False,0.591678321361542,5500,4610,7080,0.0343408465732951,0.00307772611267865,0.734427809715271,238.626754760742,0.0062694366875,273025872,784,20292195448.0,1662885888.0,1221269632.0,5117907.5,2.0370352128
96,3,631740567,False,0.261910200119019,3810,4180,7780,0.0002168842277043,0.0117366855596405,3.3027327523602,281.402508023003,3.95954692382812e-05,273025872,699,170607280.0,2754000.0,9095726.0,32322.83203125,0.00337365
97,2,631738540,False,0.331113964319229,6640,5630,9190,0.00365910371614293,0.00157460966147482,0.727850139141083,462.241638183594,0.0006680242734375,273025872,303,86295494656.0,346324512.0,252072352.0,545325.9375,0.4242475272
98,1,631739663,False,0.0687064379453659,9800,3500,4710,1.68716842916245e-05,1.01330124380183e-05,0.00579623598605394,572.015075683594,3.08017905883789e-06,273025872,616,25045061632.0,248142592.0,1438293.0,2514.43188476562,0.3039746752
99,3,631740854,False,0.18560779094696,7310,2330,9070,0.000655180659961284,0.000740290742282329,0.216796933401871,292.853768147204,0.0001196130578125,273025872,1062,8686251264.0,131898600.0,28595212.0,97643.3125,0.161575785
100,2,631738405,False,0.652606308460236,4560,4940,9780,0.0790107851966568,0.0620017200708389,38.2394752502441,616.748596191406,0.014424604075,273025872,120,52058177536.0,189917104.0,7262330368.0,11775187.0,0.2326484524
101,2,631738973,False,0.436611205339432,5380,5340,7320,0.000689422159598734,0.00107672205194831,0.37889152765274,351.8935546875,0.000125864357226562,273025872,908,4856028160.0,95425200.0,36155800.0,102746.4140625,0.11689587
102,2,631739069,False,0.183337926864624,8280,2800,9720,0.000144919844783772,0.000868752249516547,0.268639326095581,309.224334716797,2.64572916015625e-05,273025872,1005,2939349760.0,24860700.0,6678562.0,21597.7890625,0.0304543575
103,1,631740020,False,0.0,0,0,0,0.0,0.0,0.0,0.0,0.0,273025872,75,153993600.0,5153400.0,0.0,0.0,0.006312915
104,3,631740252,False,0.163374111056328,8240,1000,7070,6.79536676601252e-05,7.40427444266457e-05,0.0279893784908016,378.016491791856,1.24059614013672e-05,273025872,257,24331839488.0,136776608.0,3828292.25,10127.3154296875,0.1675513448
105,3,631740534,False,0.0687052309513092,9030,5820,9440,3.13314486132444e-05,5.27716280437067e-06,0.00241793950409294,458.189294840467,5.72002594604492e-06,273025872,664,120516509696.0,884833216.0,2139473.1875,4669.40893554688,1.0839206896
106,3,631740826,False,0.342267692089081,7110,3490,10010,0.00252210142582864,0.000690692078038282,0.301028831218194,435.836519325924,0.00046044744921875,273025872,1023,132046811136.0,544201216.0,163820256.0,375875.46875,0.6666464896
107,2,631739030,False,0.666020572185516,8030,4650,6930,0.0249090851669168,0.000668197197213822,0.215957073395606,323.193623523237,0.00454752715732325,273025872,967,133371615323.0,5555645972.0,1199781044.93521,3712267.06720266,6.8056663157
108,3,631740338,True,1.0,6970,5170,6290,0.117879776995865,0.840061195391161,5602.28475137053,6668.90076830881,0.0215207216,273025872,366,119586463744.0,20912686.0,117158821888.0,17567936.0,0.02561804035
109,3,631740721,False,0.0,0,0,0,0.0,0.0,0.0,0.0,0.0,273025872,912,21827957760.0,109465200.0,0.0,0.0,0.13409487
110,2,631738817,False,0.603014647960663,3470,5150,8560,0.0434718152900063,0.0241998285055161,8.70979499816895,359.911437988281,0.007936432,273025872,694,35805601792.0,267717600.0,2331765504.0,6478720.0,0.32795406
111,2,631738646,False,0.0558471977710724,5620,3690,5780,1.1830283265378e-05,6.05526183790062e-05,0.0238528363406658,393.919128417969,2.15979567565918e-06,273025872,449,584796096.0,29116800.0,694518.25,1763.09851074219,0.03566808
112,2,631738675,False,0.504448115825653,2730,5670,5920,0.00723841703270938,0.000145602636621334,0.0425512976944447,292.242645263672,0.0013214816125,273025872,507,638616403968.0,7408934912.0,315259808.0,1078760.5,9.0759452672
113,1,631739981,False,0.0,0,0,0,0.0,0.0,0.0,0.0,0.0,273025872,136,80918487040.0,1249865088.0,0.0,0.0,1.5310847328
114,1,631739570,False,0.0,0,0,0,0.0,0.0,0.0,0.0,0.0,273025872,755,33471776768.0,174364192.0,0.0,0.0,0.2135961352
115,1,631739846,False,0.000297946418868378,8800,3220,3430,1.79928212368734e-09,3.29419136413378e-09,7.21427909411432e-07,219.0,3.2848594263196e-10,273025872,325,10210977792.0,81401400.0,58.7252426147461,0.268151789903641,0.099716715
116,3,631740132,False,0.655441224575043,7820,4160,10820,0.0760725247112958,0.0239757234307727,14.1186866031021,588.874268752234,0.0138881805466797,273025872,97,91549810688.0,472865408.0,6676238501.0,11337290.2421875,0.5792601248
117,1,631739378,False,0.513271152973175,9520,6970,5590,0.0149229074479036,0.000105329861980863,0.0329589322209358,312.911560058594,0.0027244006125,273025872,1009,577118257082.533,21114624000.0,695915456.0,2224000.5,25.8654144
118,3,631740186,False,0.511517822742462,11060,4970,5480,0.000718029466397966,0.000487218443285768,0.431594824700531,885.834332932648,0.000131087050219727,273025872,169,28932282368.0,219634208.0,94792987.5,107009.836914062,0.2690519048
119,3,631740432,False,0.480468422174454,7990,5620,6210,0.0266584689501091,0.0173303641427077,7.48205150825175,431.730773031683,0.004866903409375,273025872,525,40129478656.0,229249792.0,1715258752.0,3972982.375,0.2808309952
120,1,631739343,False,0.253496944904327,4620,4520,1450,0.000463483109148364,8.68047387813354e-05,0.0250507070718625,288.586860850606,8.46157942649841e-05,273025872,1057,128075838464.0,795741324.0,19933882.8125,69074.117767334,0.9747831219
121,1,631740009,False,0.336600989103317,5370,2470,4450,0.00110600698572221,0.00268376851454377,1.15911304950714,431.897583007812,0.00020191816640625,273025872,98,5203726848.0,61417800.0,71190176.0,164831.15625,0.075236805
122,1,631739746,False,0.18657374382019,9500,2990,3420,0.000172069974336347,0.000231185520533472,0.0722054094076157,312.326690673828,3.14139550292969e-05,273025872,482,1808182784.0,110924096.0,8009319.5,25644.044921875,0.1358820176
123,3,631740665,False,0.18317537009716,9540,4310,8360,0.000218318172442815,3.87529603804035e-05,0.0184014407602308,474.839614305594,3.98572573608398e-05,273025872,843,128467001344.0,839588416.0,15449636.5,32536.5366210938,1.0284958096
124,3,631740711,False,0.547727227210999,4530,6430,5780,0.0260157727605107,0.00372954683728898,1.2378783252955,331.911189026739,0.00474956957890625,273025872,904,129930719232.0,1039590016.0,1286885948.0,3877199.65625,1.2734977696
125,1,631739920,False,0.0,0,0,0,0.0,0.0,0.0,0.0,0.0,273025872,222,304304448.0,17995500.0,0.0,0.0,0.0220444875
126,1,631739656,False,0.0,0,0,0,0.0,0.0,0.0,0.0,0.0,273025872,625,69374074880.0,356534112.0,0.0,0.0,0.4367542872
127,2,631738587,False,0.32126784324646,6550,440,7390,0.00541666086633446,0.00127981180899812,0.481130728885014,375.938654028876,0.000988892696243286,273025872,361,133476153088.0,630764100.0,303479991.1875,807259.34387207,0.7726860225
128,1,631739567,False,0.143338933587074,7320,5480,4350,0.000112135738631244,0.000330510893539449,0.103715573196635,313.803796558541,2.04720612304687e-05,273025872,760,4629196800.0,50563800.0,5244253.5,16711.88671875,0.061940655
129,3,631740886,False,0.265842825174332,4400,3640,8870,0.00182226654192088,0.000182694266006598,0.0590256762138483,323.084448702493,0.00033268209296875,273025872,1102,156953362432.0,1486512000.0,87742376.0,271577.21875,1.8209772
130,1,631739195,False,0.0516217090189457,3560,3680,4820,1.99037248225137e-06,0.000177772075403482,0.0283088311553001,159.242279052734,3.63372354125977e-07,273025872,527696977,18595240.0,1668600.0,47236.1171875,296.630493164062,0.002044035
131,3,631740775,False,0.482147306203842,2110,3290,6520,0.00872230240479982,0.00375042744919807,1.20609673917268,321.589140307347,0.001592387146875,273025872,969,30193251328.0,346602592.0,418036256.0,1299907.875,0.4245881752
132,1,631739842,False,0.141207352280617,6170,1610,1800,0.000256234192536277,1.34961120072224e-05,0.00368567998090665,273.091982263801,4.67793956054687e-05,273025872,329,541575052544.0,2829500948.0,10428635.0,38187.26171875,3.4661386613
133,3,631740101,False,0.758297264575958,3600,3460,6540,0.0621802906113034,0.012195049629606,5.60768442182,459.832849569239,0.0113519448149269,273025872,44,96900610880.0,759889792.0,4261222148.89844,9266893.72647095,0.9308649952
134,3,631740479,False,0.325813800096512,7740,4520,6070,0.00212785787200843,0.00210208610144899,0.792108912799359,376.820393918856,0.000388472374438476,273025872,595,5549164032.0,150859808.0,119497398.5,317120.305664062,0.1848032648
135,2,631738984,False,0.290650367736816,6450,1840,8020,0.00348267165902353,0.000913708932302709,0.325008085388519,355.701989877062,0.000635813954760742,273025872,182305689,93466723008.0,568049388.0,184620644.0,519031.799804688,0.6958605003
136,2,631738688,False,0.160024181008339,7990,2380,6020,9.92801116680691e-05,0.000750889535993338,0.242342606186867,322.740661621094,1.81250736816406e-05,273025872,531,3080573440.0,19704600.0,4775264.0,14795.978515625,0.024138135
137,3,631740847,False,0.768908500671387,9400,4200,6930,0.00548616221105057,0.00101790247584383,0.371405154520598,364.873024021979,0.00100158120930786,273025872,1052,55046969344.0,803237376.0,298326501.75,817617.313720703,0.9839657856
138,2,631738717,False,0.452663242816925,6580,3840,6760,0.00855747862714611,0.00785207655280828,2.96136951446533,377.144744873047,0.00156229609375,273025872,575,23202633728.0,162421200.0,480989184.0,1275343.75,0.19896597
139,1,631739851,False,0.239049687981606,6120,6340,3260,0.000230116964372679,5.13140308836973e-05,0.0227817671638639,443.96760050869,4.20113038208008e-05,273025872,319,134978699264.0,668334592.0,15225843.0625,34294.9418945312,0.8187098752
140,3,631740616,False,0.546902656555176,6330,800,6400,0.00317431293783079,0.000717210031848451,0.30891797861687,430.7217759081,0.00057951844453125,273025872,774,116154800768.0,659606336.0,203764256.0,473076.28125,0.8080177616
141,3,631740684,False,0.203838646411896,10100,4300,7410,0.00132795448891906,0.000196046609387718,0.126984629718288,647.726732509574,0.000242438012539673,273025872,867,110131833344.0,1009497600.0,128190678.9375,197908.581665039,1.23663456
142,1,631739724,False,0.128597661852837,10220,4260,3630,8.40108407671311e-05,5.43088584985211e-07,0.000404209124912782,744.278440180785,1.53374392250061e-05,273025872,528,4125459187712.0,23053989528.0,9318632.93286133,12520.3585510254,28.2411371718
143,3,631740541,False,0.761689603328705,4830,4620,7140,0.45440405584644,0.00289197380228481,1.17396078802842,405.937559704356,0.0829582768902344,273025872,672,3814589202432.0,23416893440.0,27490514676.0,67721042.359375,28.685694464
144,3,631740916,False,0.242078065872192,7440,4250,8080,0.00106216808651586,0.000431703496329692,0.130945770373398,303.323395540429,0.000193914717730713,273025872,484682524,19194973184.0,366681600.0,48015404.59375,158297.728759766,0.44918496
145,1,631738504,False,0.0,0,0,0,0.0,0.0,0.0,0.0,0.0,273025872,312782598,751188480.0,7261200.0,0.0,0.0,0.00889497
146,3,631740311,False,0.333971738815308,6190,6170,6040,0.000998085324610617,0.0265971649478776,10.8690820012159,408.655660199725,0.000182215448242187,273025872,332,1238594816.0,5592600.0,60786428.0,148747.3046875,0.006850935
147,1,631739310,False,0.280352652072906,8010,2910,5380,0.002491423047901,0.000396668000267919,0.154701972521049,390.003661542044,0.000454846651123047,273025872,1100,142177742336.0,936055816.0,144809681.125,371303.388671875,1.1466683746
148,1,631739450,False,0.128597661852837,10220,4260,3630,4.47845042248244e-05,2.20523205920111e-06,0.00205975193739299,934.029563373559,8.17608305664062e-06,273025872,928,647101612032.0,3026599168.0,6234043.5,6674.353515625,3.7075839808
149,3,631740669,False,0.354237884283066,8510,2510,5780,0.00187885371070632,0.000237981576568363,0.0740540969663035,311.175755846927,0.000343012929492187,273025872,848,11699598827.0,1176606016.0,87132496.0,280010.5546875,1.4413423696
150,2,631738433,False,0.243323102593422,7810,2430,9420,0.001280977553935,0.00229892414063215,0.888256192207336,386.379058837891,0.000233861668359375,273025872,156,17186631680.0,83042096.0,73762656.0,190907.484375,0.1017265676
151,1,631739530,False,0.0849883630871773,10560,1740,5500,3.74605191026771e-06,9.37172785597795e-07,0.000932679977267981,995.205993652344,6.83897970581055e-07,273025872,820,90360029184.0,595710912.0,555607.625,558.284057617188,0.7297458672
152,3,631740305,False,0.322427034378052,6150,6630,8490,0.00738863442666876,0.00159429562602039,0.595787699645622,373.699638838502,0.00134890605117187,273025872,327,133876416512.0,690679808.0,411498534.0,1101147.796875,0.8460827648
153,1,631739486,False,0.0,0,0,0,0.0,0.0,0.0,0.0,0.0,273025872,882,2808712192.0,82704600.0,0.0,0.0,0.101313135
154,3,631740794,False,0.710138022899628,9160,3530,10310,0.0130138920900909,0.00406754663385855,1.57637587167996,387.549551013895,0.002375881221875,273025872,988,100389847040.0,476821792.0,751650368.0,1939494.875,0.5841066952
155,1,631739363,False,0.188731506466866,9410,3570,5350,0.000350207777864399,0.00275415787473321,1.07103705406189,388.880035400391,6.39356833007812e-05,273025872,614454277,3054993920.0,18950400.0,20296580.0,52192.39453125,0.02321424
156,3,631740571,False,0.891339004039764,4000,5090,9310,0.0816292811196914,0.0543988826003736,35.9990306037918,661.760478946759,0.0149026497856934,273025872,704,40267771904.0,223633792.0,8050599722.25,12165428.3964844,0.2739513952
157,1,631739897,False,0.0,0,0,0,0.0,0.0,0.0,0.0,0.0,273025872,249,6181698048.0,35722800.0,0.0,0.0,0.04376043
158,1,631739967,False,0.271265268325806,6260,3360,4040,0.000210825454309027,6.86896673869342e-05,0.0301651228219271,439.150787353516,3.84893492675781e-05,273025872,155,96332496896.0,457417792.0,13798064.0,31419.876953125,0.5603367952
159,3,631740231,False,0.231195583939552,9570,4690,5420,0.000171521105921959,0.000659541499098725,0.18758227096105,284.413143399444,3.13137508666992e-05,273025872,231,3367223424.0,38757600.0,7270238.625,25562.2456054688,0.04747806
160,3,631740789,False,0.679405927658081,6160,1960,6900,0.114215406701258,0.00136413949830506,0.364959309280236,267.538114491733,0.0208517358336601,273025872,983,324103880064.0,12478067816.0,4553987011.2793,17021825.1703348,15.2856330746
161,3,631740137,False,0.958819925785065,4000,5060,9330,0.253609986939121,0.0112750844698535,5.13168778178125,455.135196148815,0.0463003075081139,273025872,104,356131697664.0,3352185032.0,17202366970.9844,37796169.3943787,4.1064266642
162,1,631739784,False,0.415754646062851,7400,4960,5590,0.00253865463538643,0.0119981868192554,5.75528764724731,479.679779052734,0.0004634694859375,273025872,414,7399963648.0,31533300.0,181483216.0,378342.4375,0.0386282925
163,3,631740653,False,0.460778176784515,9820,2490,7560,0.000342780763015861,2.84492680787725e-05,0.0112392690236205,395.063556380443,6.25797703278541e-05,273025872,828,195618144256.0,1795671040.0,20182029.8964844,51085.5267982483,2.199697024
164,1,631739847,False,0.553378641605377,8440,3640,5530,0.0433126285914393,0.000673512051662724,0.267483680430336,397.147578532543,0.00790737008022385,273025872,323,1305639049216.0,9584083860.0,2563586024.42578,6454995.9838562,11.7405027285
165,1,631739342,False,0.0,0,0,0,0.0,0.0,0.0,0.0,0.0,273025872,1058,79449702400.0,317895296.0,0.0,0.0,0.3894217376
166,3,631740509,False,0.559897780418396,3600,4330,7200,0.043691324230877,0.00599461635185959,1.9683288231831,328.349423491047,0.00797650665,273025872,630,92277030912.0,1086213632.0,2138025600.0,6511434.0,1.3306116992
167,3,631740114,False,0.657025456428528,6530,5580,6430,0.0313277535468769,0.0397086716199827,19.8536978239089,499.983933331024,0.00571935135625,273025872,63,28065371136.0,117577800.0,2334354112.0,4668858.25,0.144032805
168,3,631740898,False,0.264213889837265,6130,4500,5680,0.0013673802313385,0.00522058021784408,2.27153673132692,435.111929429366,0.000249635773242187,273025872,1120,8551831040.0,39034800.0,88668982.0,203784.3046875,0.04781763
169,2,631738694,False,0.655441224575043,7820,4160,10820,0.10583122504712,0.0112979973650515,5.9752546804062,528.877329967315,0.0193210777019531,273025872,541,283921139712.0,1396026908.0,8341616316.0,15772308.328125,1.7101329623
170,2,631738810,True,0.998563170433044,6330,800,6190,0.0419577975620846,0.242351869214388,445.976323283888,1840.20170642617,0.00766002535205383,273025872,688,19659641852.8125,25801665.7363281,11506932019.6875,6253081.92004395,0.0316070405270019
171,2,631738492,False,0.198971331119537,12110,6610,6730,0.000257055006779642,0.00014942486002805,0.0411244825148341,275.21847774938,4.69292475585937e-05,273025872,235,8820372832.0,256380296.0,10543507.0,38309.58984375,0.3140658626
172,1,631739832,False,0.176107302308083,9810,1430,5130,0.000237129283089185,1.1453248797193e-05,0.00377408597484928,329.520998074733,4.32915077939868e-05,273025872,339,411869817600.0,3085587940.0,11645274.1685181,35340.0063624382,3.7798452265
173,2,631738612,False,0.0447534024715424,9690,6420,6770,5.25566857436373e-06,1.93691323403932e-06,0.000645552133734072,333.289133653039,9.59501138305664e-07,273025872,398,27298430976.0,404388912.0,261054.125,783.266235351562,0.4953764172
174,2,631738875,False,0.111971393227577,7180,6570,8240,9.04061847217345e-05,3.09737806674093e-05,0.0131463799625635,424.435760498047,1.65050052001953e-05,273025872,780,78484594688.0,434996096.0,5718624.0,13473.4736328125,0.5328702176
175,2,631738665,False,0.583056926727295,2700,3360,5700,0.0284868140676082,0.0224178377538919,7.8113899230957,348.445281982422,0.0052006952375,273025872,484,13176942592.0,189378896.0,1479312384.0,4245465.5,0.2319891476
176,2,631739107,False,0.768908500671387,9400,4200,6930,0.00546372961903455,0.00202748063020408,0.739726364612579,364.850036621094,0.000997485803125,273025872,1052,25519394816.0,401618688.0,297087936.0,814274.125,0.4919828928
177,3,631740373,False,0.666643142700195,7830,4430,6780,0.00836074715047538,0.0102615772867594,4.8638417573802,473.9857841987,0.00152637981152344,273025872,422,17575733760.0,121426200.0,590597822.0,1246024.3359375,0.148747095
178,2,631738341,False,0.499671190977097,4820,6720,8530,0.00130181851273407,0.000405988435568126,0.0978464334851619,241.007932524578,0.000237666498022461,273025872,21,11973083904.0,477879296.0,46758784.75,194013.467773438,0.5854021376
179,3,631740855,False,0.0,0,0,0,0.0,0.0,0.0,0.0,0.0,273025872,1064,728513249280.0,4600666624.0,0.0,0.0,5.6358166144
180,1,631739805,False,0.299987554550171,4940,4080,1150,0.00142161262873679,5.22074111027935e-05,0.013455132157381,257.724561957086,0.000259536710925078,273025872,378,766331904512.0,4058172936.0,54603253.1713867,211866.702795982,4.9712618466
181,2,631738993,False,0.297709554433823,8980,6770,6620,0.000864138693718839,0.000296554411761463,0.103519983589649,349.075866699219,0.000157761481445312,273025872,931,37169209344.0,434270688.0,44955696.0,128784.8828125,0.5319815928
182,3,631740153,False,0.36760413646698,7660,6910,5970,0.00147177492839927,0.00195662996299359,0.630844622139441,322.413861624743,0.000268694591210937,273025872,126,9702233088.0,112102200.0,70719070.0,219342.5234375,0.137325195
183,1,631738514,False,0.0,0,0,0,0.0,0.0,0.0,0.0,0.0,273025872,312782582,7295259136.0,52763400.0,0.0,0.0,0.064635165
184,3,631740282,False,0.178631648421288,6960,5250,8320,0.000433580364157732,0.000210509960737961,0.0711185467624437,337.839342675907,7.91565995971679e-05,273025872,301,17764989696.0,306957600.0,21830378.4296875,64617.6323242188,0.37602306
185,3,631740516,False,0.449998021125793,5200,4800,9380,0.0145248352907582,0.00548094941350043,1.76066837583874,321.234195576033,0.00265172656875,273025872,638,56054267904.0,394945216.0,695367552.0,2164674.75,0.4838078896
186,3,631740450,False,0.277187615633011,6670,5250,8490,0.000681367873966994,0.000434502346001434,0.170986345134843,393.522259910373,0.0001243939265625,273025872,551,56132663296.0,233706592.0,39960636.0,101546.0625,0.2862905752
187,1,631739326,False,0.0657499879598618,3580,3690,4820,1.44401435658634e-06,4.41664196841884e-05,0.00674919271841645,152.812774658203,2.63626482391357e-07,273025872,1081,276277504.0,4872600.0,32886.1171875,215.205291748047,0.005968935
188,2,631738350,False,0.627866685390472,4030,2750,6170,0.0539442209408134,0.00322488990891205,1.08129440558797,335.296532945137,0.00984832674765625,273025872,31,348558985280.0,2492937940.0,2695599848.0,8039450.40625,3.0538489765
189,1,631739909,False,0.0,0,0,0,0.0,0.0,0.0,0.0,0.0,273025872,234,27330459648.0,140768096.0,0.0,0.0,0.1724409176
190,2,631738996,False,0.476131170988083,2640,2030,5950,0.0252295966894988,0.0137914912775159,4.65474843978882,337.508697509766,0.00460604134375,273025872,935,32798259200.0,272634304.0,1269044096.0,3760033.75,0.3339770224
191,3,631740960,False,0.251826018095016,8530,5830,5680,8.51269535482413e-05,0.000205875984628811,0.0522577791571329,253.831350224516,1.5541202355957e-05,273025872,607344838,13576959488.0,61623000.0,3220281.125,12686.6958007812,0.075488175
192,2,631738818,True,0.998563170433044,6330,800,6190,0.0419577975620846,0.242351869214388,445.976323283888,1840.20170642617,0.00766002535205383,273025872,695,19659641852.8125,25801665.7363281,11506932019.6875,6253081.92004395,0.0316070405270019
193,3,631740400,False,0.0698510706424713,10520,3820,6500,5.93014930545816e-06,0.00010354115570925,0.0432129368468532,417.350342970845,1.08263771362305e-06,273025872,460,797506176.0,8535600.0,368848.34375,883.785888671875,0.01045611
194,3,631740673,False,0.0608745738863945,10860,6070,7020,2.34610310335285e-05,1.74165282002114e-06,0.000596701539044077,342.606478274376,4.28316315307617e-06,273025872,852,103464009728.0,2007552640.0,1197909.75,3496.45971679688,2.459251984
195,2,631738458,False,0.660541296005249,6910,5560,6830,0.104071474271945,0.0166949089616537,5.95646238327026,356.783172607422,0.0189998088,273025872,194,107259723776.0,929028608.0,5533724160.0,15510048.0,1.1380600448
196,1,631739518,False,0.525707006454468,9520,3390,910,0.000432603153951014,0.000554197351448238,0.184884011745453,333.606781005859,7.89781952148437e-05,273025872,836,17147034624.0,116334000.0,21508296.0,64471.99609375,0.14250915
197,3,631740771,False,0.401806503534317,6210,700,6380,0.00164977770751249,0.000408268936620196,0.171271350140308,419.506199903811,0.00030119166875,273025872,965,78072466752.0,602227424.0,103144304.0,245870.75,0.7377285944
198,1,631739554,False,0.0798496529459953,4160,4600,3190,6.11937007362672e-06,2.59252033174562e-06,0.000731537584215403,282.172332763672,1.11718280334473e-06,273025872,783,33991436288.0,351775808.0,257337.21875,911.985961914062,0.4309253648
199,2,631738939,False,0.0097662890329957,12060,7260,7310,3.89868146787469e-07,4.5436232198881e-07,0.000196726847207174,432.973510742188,7.1176278591156e-08,273025872,866,626599936.0,127878304.0,25157.095703125,58.103084564209,0.1566509224
200,2,631738951,False,0.232805833220482,6530,5430,9210,0.00118535337606116,0.00240112585015595,0.818508505821228,340.885284423828,0.000216404040234375,273025872,884,8987958272.0,73572304.0,60219556.0,176656.359375,0.0901260724
201,2,631738522,False,0.517895042896271,4180,3960,6010,0.0510313731629669,0.004741993196806,1.55627893380899,328.190882866984,0.00931654269030762,273025872,275,193469193728.0,1603827896.0,2496003568.0,7605340.97167969,1.9646891726
202,2,631739210,False,0.507164359092712,9180,2270,5860,0.028383963285549,0.00166305441028776,0.602119924662732,362.056659684722,0.005181918284375,273025872,294,396232818688.0,2543595296.0,1531549408.0,4230137.375,3.1159042376
203,2,631738831,False,0.993378639221191,7220,4940,5930,0.0538082108988699,0.00630802181139623,4.61170735578239,731.08614612758,0.00982349607421875,273025872,709,236136000000.0,1271267080.0,5862711744.0,8019180.46875,1.557302173
204,2,631738957,True,0.650980830192566,6260,540,6320,0.00101996249389938,0.143122164830648,165.249674068755,1154.60574722504,0.000186209453674316,273025872,894,420593586.75,1062083.69238281,175508984.0,152007.717285156,0.00130105252316895
205,2,631738605,False,0.336140006780624,9550,1240,8900,0.00241214892045862,0.00011292750965473,0.044560292474851,394.592005181835,0.000440373969970703,273025872,385,571771939840.0,3183360336.0,141851467.625,359488.955078125,3.8996164116
206,2,631738718,False,0.0699932500720024,10540,6300,6850,2.03926477305958e-05,0.00120001984760165,0.882722973823547,735.590270996094,3.72298375244141e-06,273025872,576,284455296.0,2532600.0,2235584.25,3039.17041015625,0.003102435
207,3,631740533,False,0.293650478124619,7810,7070,8460,0.00171933969641386,0.000219794518438434,0.0729936966388039,332.099713666199,0.000313891253320312,273025872,663,190953963520.0,1165805952.0,85096486.0,256237.7578125,1.4281122912
208,1,631739517,False,0.0,0,0,0,0.0,0.0,0.0,0.0,0.0,273025872,838,51567329280.0,288421184.0,0.0,0.0,0.3533159504
209,1,631739783,False,0.0379903540015221,7220,760,2780,2.81464326151941e-06,9.15983943084775e-07,0.000273529686204577,298.618429143426,5.13855349731445e-07,273025872,417,90912296448.0,457948808.0,125262.59375,419.473754882812,0.5609872898
210,2,631738962,False,0.244430541992188,10690,4080,6400,0.00219715586019889,0.00134398334193975,0.867235362529755,645.272399902344,0.00040112376171875,273025872,898,38965964800.0,243639904.0,211293136.0,327447.96875,0.2984588824
211,3,631740289,False,0.255563944578171,7000,5720,9210,0.000974282949189469,0.000226835126362345,0.0970242815791235,427.730409901936,0.000177869967550659,273025872,311,132978827264.0,640112384.0,62106444.1875,145199.973510742,0.7841376704
212,2,631739133,False,0.334133446216583,8040,4250,7770,0.000260908267819728,0.000345206179190427,0.128981739282608,373.636840820312,4.76327181640625e-05,273025872,1088,12026115072.0,112639504.0,14528439.0,38883.8515625,0.1379833924
213,2,631738395,False,0.0447534024715424,9690,6420,6770,3.42675788732061e-06,5.81354925088817e-06,0.00200911960564554,345.592590332031,6.25606056976318e-07,273025872,105,7203320832.0,87846304.0,176493.734375,510.698822021484,0.1076117224
214,1,631739474,False,0.293556600809097,9210,6310,3630,0.000352147906894319,4.90519578350794e-05,0.0153941723849452,313.834005091151,6.42898829589844e-05,273025872,901,1423299028.0,1069917276.0,16470490.984375,52481.537109375,1.3106486631
215,1,631739295,False,0.282566636800766,9630,4600,900,0.000805074456633383,0.000272307312116027,0.0835892856121063,306.966735839844,0.000146978418945312,273025872,1121,65840140288.0,440613888.0,36830600.0,119982.3828125,0.5397520128
216,1,631739325,False,0.101691134274006,7810,4610,5340,0.000115280088320576,7.85392720808808e-05,0.0271908484966729,346.207034726162,2.10461094345093e-05,273025872,1083,7484096768.0,218750404.0,5948009.09375,17180.4974975586,0.2679692449
217,2,631738453,False,0.5929074883461,6920,3280,6130,0.00621072111472385,0.00596687570214272,2.63173079490662,441.056762695312,0.00113386030625,273025872,186,18344382464.0,155123104.0,408242240.0,925600.25,0.1900258024
218,2,631738826,False,0.643481552600861,4930,5340,8800,0.07006645678516,0.00260497536510229,0.91010308265686,349.371063232422,0.01279168275,273025872,703,734599335936.0,4008556032.0,3648199168.0,10442190.0,4.9104811392
219,1,631739742,False,0.0,0,0,0,0.0,0.0,0.0,0.0,0.0,273025872,488,470858432.0,19680300.0,0.0,0.0,0.0241083675
220,2,631739883,False,0.303289532661438,8860,1770,9890,0.000974507805040814,0.00435242569074035,1.68076884746552,386.168304443359,0.000177911018359375,273025872,312782578,7135021056.0,33368400.0,56084568.0,145233.484375,0.04087629
221,3,631740876,False,0.472580999135971,6700,4960,7420,0.00244963261800987,0.00366649643569487,1.54137160969202,420.39359282778,0.00044721718125,273025872,1092,11534645248.0,99570600.0,153475296.0,365075.25,0.121973985
222,2,631738904,False,0.564376652240753,9530,3220,9560,0.027850424811844,0.000498449522838696,0.173955767811505,348.993749298459,0.00508451283241272,273025872,822,1296208222208.0,8327067296.0,1448541385.09375,4150622.72033691,10.2006574376
223,1,631739972,False,0.0,0,0,0,0.0,0.0,0.0,0.0,0.0,273025872,148,13147595776.0,65983500.0,0.0,0.0,0.0808297875
224,3,631740480,False,0.547727227210999,4530,6430,5780,0.021085640128109,0.00471882525954156,1.52624961870371,323.438469271055,0.00384949991015625,273025872,596,81078648832.0,665938816.0,1016388864.0,3142448.90625,0.8157750496
225,2,631738894,False,0.4749935567379,5610,5160,6720,0.00968657896185736,0.00237904094869807,1.03794904228584,436.288851124591,0.00176843029743652,273025872,809,113115137952.0,606806104.0,629833814.5,1443616.56933594,0.7433374774
226,2,631738961,False,0.546829104423523,5910,4780,10480,0.0623681774455454,0.061644796282053,31.2169075012207,506.399719238281,0.011386246375,273025872,897,33637173248.0,150781504.0,4706932224.0,9294895.0,0.1847073424
227,1,631739242,False,0.190221831202507,7850,3610,5230,0.000173388555960467,0.000923681946005672,0.320464700460434,346.942687988281,3.16546818847656e-05,273025872,549009203,3146704384.0,27975600.0,8965192.0,25840.556640625,0.03427011
228,3,631740185,False,0.274749100208282,9500,3800,6080,7.7944615956871e-05,0.000798403574631944,0.247245161312494,309.674416759058,1.42299588867187e-05,273025872,606826663,1003527520.0,14549400.0,3597268.75,11616.29296875,0.017823015
229,1,631739775,False,0.0390128456056118,8040,2000,5060,7.61438737849568e-06,2.48947230829799e-06,0.000753018248360604,302.481079101562,1.39012063903809e-06,273025872,430,76361449472.0,455836512.0,343253.21875,1134.79235839844,0.5583997272
230,2,631738448,False,0.424103677272797,8030,4300,8210,0.00141068570514655,0.00115146092139184,0.403819352388382,350.701721191406,0.000257541837109375,273025872,178,23539111936.0,182583904.0,73730912.0,210238.234375,0.2236652824
231,1,631739892,False,0.145009577274323,5950,3760,4330,6.01638021104712e-05,4.79429218103178e-05,0.0226069036871195,471.537872314453,1.09838045898437e-05,273025872,255,43646410752.0,187021792.0,4227983.5,8966.37109375,0.2291016952
232,1,631739545,False,0.0,0,0,0,0.0,0.0,0.0,0.0,0.0,273025872,798,242966312.0,48627900.0,0.0,0.0,0.0595691775
233,1,631739987,False,0.331622064113617,8170,4750,5050,0.00184987290800198,0.000119116702990141,0.039770569652319,333.879028320312,0.00033772204921875,273025872,128,189152378880.0,2314465280.0,92047600.0,275691.46875,2.835219968
234,2,631738713,True,1.0,6980,5160,5870,0.0190324290484881,0.649966612919908,1454.98488845948,2238.55327264135,0.00347465542744141,273025872,571,7545365528.0,4363998.6328125,6349552064.0,2836453.41015625,0.00534589832519531
235,2,631739240,False,0.184489816427231,8550,5830,5700,3.29481327055677e-05,0.000159367365995422,0.0383797958493233,240.825942993164,6.01517587890625e-06,273025872,607344838,6676731904.0,30811500.0,1182539.125,4910.34765625,0.0377440875
236,2,631738573,True,1.0,7270,4930,6090,0.922642804488509,0.58033674817593,2355.66592593662,4059.13624002059,0.168442284483936,273025872,343,621556052312.0,236938133.132812,558147086776.0,137503905.701172,0.290249213087695
237,1,631739443,False,0.0,0,0,0,0.0,0.0,0.0,0.0,0.0,273025872,936,256192888832.0,1500636544.0,0.0,0.0,1.8382797664
238,1,631739500,False,0.0,0,0,0,0.0,0.0,0.0,0.0,0.0,273025872,859,877571712.0,12558600.0,0.0,0.0,0.015384285
239,2,631738915,False,0.522591650485992,8200,4340,10680,0.0549291567247899,0.0703684017062187,37.9726219177246,539.6259765625,0.01002814155,273025872,836,25626789888.0,116334000.0,4417506816.0,8186238.0,0.14250915
240,2,631738422,False,0.512004852294922,5670,6440,6570,0.0670529459028671,0.0108549825432331,4.10974046104039,378.604059902645,0.0122415211328918,273025872,141,137142790336.0,920598300.0,3783420081.875,9993078.47583008,1.1277329175
241,3,631740187,False,0.275044083595276,7110,3100,3230,0.000224909577441273,5.15600866360479e-05,0.0225550202934383,437.451171342082,4.10606172206879e-05,273025872,170,100461857792.0,650093384.0,14662869.46875,33518.8712005615,0.7963643954
242,2,631738601,False,0.265046894550323,12220,7250,5700,0.000290570176828366,0.000430499333739712,0.143567725109155,333.491166785309,5.30479446105957e-05,273025872,379,4261840000.0,100591200.0,14441649.75,43304.4445800781,0.12322422
243,1,631739610,False,0.0,0,0,0,0.0,0.0,0.0,0.0,0.0,273025872,692,15392380928.0,75768304.0,0.0,0.0,0.0928161724
244,2,631738483,False,0.0,0,0,0,0.0,0.0,0.0,0.0,0.0,273025872,225,16755214336.0,337079712.0,0.0,0.0,0.4129226472
245,2,631738909,False,0.460778176784515,9820,2490,7560,0.000342545394600994,5.68594659853261e-05,0.0224637743085623,395.075347900391,6.25368002929687e-05,273025872,828,94801453056.0,897835520.0,20168774.0,51050.44921875,1.099848512
246,1,631739424,False,0.137881591916084,4190,4600,3190,0.00015573935913805,2.98779668810312e-05,0.00871961005032063,291.840789794922,2.843255625e-05,273025872,956,32506345216.0,776835008.0,6773698.0,23210.25,0.9516228848
247,1,631739707,False,0.410125017166138,7540,6410,4460,0.000427002281463634,0.000985423703875974,0.305868282991579,310.39265829359,7.79556719238281e-05,273025872,557,8144198784.0,64578600.0,19752545.5,63637.283203125,0.079108785
248,3,631740174,False,0.511517822742462,11060,4970,5480,0.000718029466397966,0.000433893423846193,0.384357691676655,885.834332932648,0.000131087050219727,273025872,154,32227944960.0,246627008.0,94792987.5,107009.836914062,0.3021180848
249,2,631739878,False,0.107632622122765,7510,1430,8100,6.65170854700439e-05,0.000559689360670745,0.168391227722168,300.865539550781,1.21436917724609e-05,273025872,312782570,2078800000.0,17712000.0,2982545.5,9913.2177734375,0.0216972
250,2,631738425,False,0.676899969577789,8970,5280,6540,0.109017470877369,0.0152788758277893,5.44145631790161,356.142456054688,0.019902774675,273025872,146,89452560384.0,1063374272.0,5786304512.0,16247163.0,1.3026334832
251,2,631738882,False,0.666020572185516,8030,4650,6930,0.0123717752617787,0.00595554246915713,2.04355096204279,343.134311043208,0.0022586531625,273025872,792,8783305428.0,309593712.0,632670528.0,1843798.5,0.3792522972
252,3,631740439,False,0.212610691785812,9830,4760,7070,0.0004587170750616,0.000292603248840447,0.161649868922274,552.454115129868,8.37456832473755e-05,273025872,534,28723063808.0,233640000.0,37767875.375,68363.823059082,0.286209
253,3,631740822,False,0.341209143400192,6780,3820,6970,0.00215526264505245,0.000284918398564257,0.120222739546658,421.954988349214,0.000393475526855469,273025872,1020,203180867584.0,1127356160.0,135533846.0,321204.51171875,1.381011296
254,1,631739930,False,0.0,0,0,0,0.0,0.0,0.0,0.0,0.0,273025872,209,5598805504.0,129404704.0,0.0,0.0,0.1585207624
255,3,631740388,False,0.601122558116913,6300,560,6060,0.0156429097346255,0.00310888505122211,1.23957894287875,398.721381606395,0.00285584783066406,273025872,442,82355140476.0,749884384.0,929540892.0,2331304.3515625,0.9186083704
256,2,631739056,True,1.0,6860,5320,6170,0.0353975576579516,0.221170596801176,655.473848639344,2963.65727686935,0.00646235514768104,273025872,991,20650101810.4375,23852139.6315308,15634453762.5625,5275391.95729065,0.0292188710486252
257,1,631739254,False,0.691186666488647,6840,5820,3210,0.00141526073183744,0.000115799110739156,0.0398290318983544,343.949376157747,0.000258377076861572,273025872,278,352031488640.0,1821430764.0,72545824.0,210920.062744141,2.2312526859
258,1,631739410,False,0.182105451822281,11370,5220,5450,9.87256570985014e-05,0.000136628630571067,0.0802747905254364,587.5400390625,1.80238496826172e-05,273025872,970,5158148608.0,107688600.0,8644680.0,14713.3466796875,0.131918535
259,3,631740181,False,0.282174587249756,10150,3670,5980,0.0011532913091336,0.000938565861183328,0.610030107290841,649.959829693491,0.000210550628955078,273025872,162,31103751168.0,183128400.0,111713837.5,171878.064453125,0.22433229
260,3,631740269,False,0.14898844063282,10620,4390,6590,0.000145357930403379,0.00154632447677988,0.995159535740289,643.564498062299,2.6537270703125e-05,273025872,280,2506014848.0,14009400.0,13941588.0,21663.078125,0.017161515
261,2,631738594,False,0.293736338615417,6440,660,8050,0.00839174410306514,0.000737295828304579,0.243718720662038,330.557574457559,0.00153203877020264,273025872,369,258225817344.0,1696257928.0,413409812.125,1250643.89404297,2.0779159618
262,3,631740120,False,0.551177263259888,5710,3710,5830,0.0111149358013621,0.000308847899661432,0.141571296679991,458.385168994789,0.00202919826520691,273025872,73,203691219432.0,5363443888.0,759309705.894531,1656488.37976074,6.5702187628
263,1,631739532,False,0.116163782775402,5590,5110,4220,3.95130903922459e-05,6.58123642562318e-06,0.00325556802480399,494.674224455585,7.2137073852539e-06,273025872,818,83356131840.0,894777264.0,2913008.25,5888.74072265625,1.0961021484
264,1,631740069,False,0.410125017166138,7540,6410,4460,0.000333274041381553,0.00102386705111712,0.296908855438232,289.987701416016,6.08441756835937e-05,273025872,1,6545987072.0,48510900.0,14403316.0,49668.71484375,0.0594258525
265,1,631739416,False,0.0,0,0,0,0.0,0.0,0.0,0.0,0.0,273025872,964,6839125504.0,42002100.0,0.0,0.0,0.0514525725
266,1,631739550,False,0.0,0,0,0,0.0,0.0,0.0,0.0,0.0,273025872,791,17106391040.0,81607504.0,0.0,0.0,0.0999691924
267,2,631738586,False,0.240196228027344,10660,4840,6380,0.000354501116537199,0.00248676142655313,1.67214024066925,672.416809082031,6.47194966796875e-05,273025872,358,3858678784.0,21245400.0,35525288.0,52832.2421875,0.026025615
268,1,631739607,False,0.654443085193634,4400,5110,2530,0.0399636424214505,6.22763132863105e-05,0.0194661889811456,312.577735481087,0.0072959624168966,273025872,695,14703589766158.2,95636484772.0,1861677886.06421,5955887.68726254,117.1546938457
269,3,631740355,False,0.054177887737751,9660,2270,8600,3.00640687701295e-06,5.65594682282002e-05,0.0167748570400667,296.587955395642,5.48864674377441e-07,273025872,393,711833888.0,7921800.0,132887.0625,448.052795410156,0.009704205
270,1,631739511,False,0.121979206800461,5570,1840,4290,6.56386011366624e-05,7.55744031266659e-06,0.00233437493443489,308.884307861328,1.19833112792969e-05,273025872,844,127605817344.0,1294392576.0,3021597.5,9782.294921875,1.5856309056
271,3,631740722,False,0.102281264960766,5480,5620,6160,1.41342585678302e-05,0.000200627280078207,0.0783220826904395,390.386006628354,2.58042092895508e-06,273025872,914,2139674624.0,10499400.0,822334.875,2106.46606445312,0.012861765
272,3,631740791,False,0.540693759918213,4620,2700,7980,0.0360775835817159,0.000526295272640333,0.171021181278117,324.952911737422,0.00658650408110351,273025872,985,1263742116352.0,10216200496.0,1747186677.0,5376738.02539062,12.5148456076
273,3,631740316,False,0.407841086387634,5600,680,7210,0.00669607462680766,0.00047140982157613,0.150723123403319,319.728432681749,0.00122246887064781,273025872,337,364980035456.0,2116913408.0,319067800.828125,997933.771957397,2.5932189248
274,2,631738845,False,0.368459075689316,6630,4710,7220,0.00973116520180385,0.00195955578237772,0.871038556098938,444.508178710938,0.001776570184375,273025872,733,134897565696.0,740097024.0,644653056.0,1450261.375,0.9066188544
275,2,631738777,False,0.313766777515411,8190,6750,9190,0.00437134391410328,0.000579625929851966,0.18900416096679,326.079547571416,0.000798054405859375,273025872,647,192384450560.0,1123954176.0,212432016.0,651472.984375,1.3768438656
276,2,631738964,False,0.273499071598053,9440,6360,8230,0.000313810027775296,4.3711735748804e-05,0.0123082054028564,281.576679397664,5.72907280209504e-05,273025872,901,639681760.0,1069917276.0,13168761.5970726,46767.9412415922,1.3106486631
277,1,631739472,False,0.0,0,0,0,0.0,0.0,0.0,0.0,0.0,273025872,903,3608895488.0,92125800.0,0.0,0.0,0.112854105
278,3,631740774,False,0.0,0,0,0,0.0,0.0,0.0,0.0,0.0,273025872,968,315443888128.0,1367188224.0,0.0,0.0,1.6748055744
279,2,631738488,False,0.129918590188026,9680,4690,5900,0.00013809654462079,0.00106203136965632,0.292788177728653,275.686920166016,2.52115958007812e-05,273025872,231,1551922944.0,19378800.0,5673883.5,20580.89453125,0.02373903
280,3,631740751,True,1.0,7370,5250,6090,0.137967025815666,0.430158612472663,1007.99073205486,2343.30012890052,0.0251879502,273025872,946,65777033216.0,47800024.0,48181981184.0,20561592.0,0.0585550294
281,1,631739533,False,0.0,0,0,0,0.0,0.0,0.0,0.0,0.0,273025872,816,26659024896.0,105716704.0,0.0,0.0,0.1295029624
282,2,631738840,False,0.206414505839348,9830,2660,9140,0.000157887037586354,5.73647885175887e-05,0.024134399369359,420.718017578125,2.88246471679687e-05,273025872,727,55469228032.0,410187584.0,9899631.0,23530.32421875,0.5024797904
283,1,631739524,False,0.00632280204445124,10840,1110,4950,2.35368414867477e-07,3.9069050217222e-08,1.47642813317361e-05,377.902252197266,4.29700348854065e-08,273025872,828,100816691200.0,897835520.0,13255.896484375,35.077579498291,1.099848512
284,3,631740308,False,0.238311991095543,6480,1400,6520,5.48622981909086e-05,0.000292961908175272,0.0926507902916622,316.255416510434,1.0015935521698e-05,273025872,330,1316810752.0,27909000.0,2585790.90625,8176.27389526367,0.034188525
285,1,631739750,False,0.186850562691689,7600,5700,4380,4.9214616876595e-05,8.37568222777918e-05,0.0311046876013279,371.368988037109,8.98486657714844e-06,273025872,470,16063077376.0,87570000.0,2723837.5,7334.5849609375,0.10727325
286,3,631740805,False,0.586288809776306,6270,5290,7220,0.0118565391187679,0.00159787398511226,0.511104910853298,319.865593667194,0.00216458907555843,273025872,1000,27219522242.6611,1105851592.0,565206179.346138,1767011.49025178,1.3546682002
287,3,631740276,False,0.106275990605354,7150,930,8050,3.57106420681058e-05,3.82001992378158e-05,0.0173560310795291,454.343993639377,6.51951340332031e-06,273025872,312782558,35340699648.0,139320000.0,2418042.25,5322.0517578125,0.170667
288,3,631740589,False,0.368459075689316,6630,4710,7220,0.00973116520180385,0.000979777872340154,0.435519286725304,444.508188049895,0.001776570184375,273025872,733,257812447232.0,1480194048.0,644653056.0,1450261.375,1.8132377088
289,1,631739495,False,0.0431908294558525,10020,4400,3930,7.24518511348268e-06,2.13922089642438e-06,0.00148621841799468,694.747497558594,1.32271722717285e-06,273025872,867,57208593920.0,504748800.0,750166.9375,1079.76916503906,0.61831728
290,1,631739309,False,0.218187436461449,3230,4190,3310,0.000139857444892372,3.06829169858247e-05,0.00854642223566771,278.540100097656,2.55330745605469e-05,273025872,1101,82326421504.0,679313728.0,5805702.0,20843.326171875,0.8321593168
291,3,631740460,False,0.958819925785065,4000,5060,9330,2.9561148689891,0.00177643957323115,0.725818273689352,408.580333734159,0.539683113884465,273025872,567,38489787978470.5,248000354544.0,180003189209.473,440557643.987318,303.8004343164
292,3,631740716,False,0.661996483802795,7100,4600,6220,0.00478833851829166,0.00335783078436805,1.60566078280041,478.183948481073,0.000874183026171875,273025872,907,40631013120.0,212523752.0,341241054.0,713618.796875,0.2603415962
293,1,631739669,False,0.202305227518082,6810,890,5190,3.8938063700464e-05,1.06930001493311e-05,0.00403199065476656,377.068237304688,7.10872763671875e-06,273025872,610,87626350592.0,542695488.0,2188143.25,5803.04296875,0.6648019728
294,2,631738849,False,0.993378639221191,7220,4940,5930,0.0282124278915199,0.0453832373023033,43.5045852661133,958.604675292969,0.005150601925,273025872,741,30560897536.0,92645944.0,4030523392.0,4204573.0,0.1134912814
295,1,631739887,False,0.190253302454948,4940,6280,5400,0.000139047966776234,0.000497541099321097,0.169063732028008,339.798522949219,2.53852921875e-05,273025872,263,6780727296.0,41650200.0,7041538.5,20722.6875,0.051021495
296,2,631738372,False,0.100389286875725,6190,3330,6710,1.82001620927076e-05,3.74119990738109e-05,0.0142152654007077,379.965423583984,3.32271260986328e-06,273025872,64,13004494848.0,72501296.0,1030625.1875,2712.41845703125,0.0888140876
297,2,631738910,False,0.448128134012222,6810,5990,6370,0.0197841105555658,0.0174231231212616,7.44921779632568,427.547821044922,0.0036118861625,273025872,830,33736554496.0,169227904.0,1260615552.0,2948478.5,0.2073041824
298,1,631739475,False,0.00542708719149232,4470,5330,4420,4.28261765231352e-08,1.86592323814239e-08,7.03676005286979e-06,377.119476318359,7.81856095790863e-09,273025872,900,2289323264.0,342055808.0,2406.96459960938,6.3824987411499,0.4190183648
299,3,631740779,False,0.120993830263615,9780,1900,9160,2.71605712397058e-05,1.49129579659303e-05,0.00561815047861618,376.72945175942,4.95856971435547e-06,273025872,973,48564240384.0,271429184.0,1524930.0,4047.81201171875,0.3325007504
300,2,631738860,False,0.0998575761914253,9790,4400,5970,6.128727784546e-05,0.000540829903911799,0.269395470619202,498.114990234375,1.11889119384766e-05,273025872,757,2276542976.0,16888500.0,4549685.5,9133.8056640625,0.0206884125
301,2,631738496,False,0.446027517318726,6720,3480,6910,0.00839600811851867,0.00128806750168653,0.562954401983501,437.053493894068,0.00153281723018799,273025872,239,189571162112.0,971439284.0,546876021.1875,1251279.37158203,1.1900131229
302,2,631738413,False,0.551177263259888,5710,3710,5830,0.00197535799142419,0.000734083412680775,0.272767841815948,371.576110839844,0.00036063123359375,273025872,129,12578845696.0,401034592.0,109389344.0,294392.84375,0.4912673752
303,2,631739124,True,1.0,6940,5240,6080,0.103816778411531,0.727375388145447,3540.966796875,4868.142578125,0.01895331025,273025872,1077,79389974528.0,21271122.0,75320336384.0,15472090.0,0.02605712445
304,3,631740380,False,0.141639620065689,7400,870,7050,8.55318793575389e-05,6.22664732722052e-05,0.0269260850068582,432.43311515569,1.56151276367187e-05,273025872,433,48918941696.0,204717600.0,5512243.5,12747.04296875,0.25077906
305,3,631740831,False,0.407841086387634,5600,680,7210,0.00203477061118658,0.00112474271494288,0.358780602246667,318.98904298739,0.000371477898577499,273025872,1030,32993633280.0,269614784.0,96732554.578125,303247.264144897,0.3302781104
306,3,631740202,False,0.283164322376251,9370,3260,9700,0.000796043560364659,0.00402793851898253,1.45527973001419,361.296410845367,0.000145329693359375,273025872,312782652,4145406976.0,29453400.0,42862936.0,118636.484375,0.036080415
307,2,631739226,False,0.0101264463737607,9850,5280,7550,3.26892105223237e-07,1.5311044307964e-06,0.000748756749089807,489.030487060547,5.96790575027466e-08,273025872,549009223,2807353344.0,31818600.0,23824.390625,48.7175979614258,0.038977785
308,1,631739183,False,0.206974983215332,5700,6820,3270,0.000408151271680214,0.000176126734004356,0.0588709190487862,334.253173828125,7.45141373046875e-05,273025872,639,56731508736.0,345364192.0,20331908.0,60827.8671875,0.4230711352
309,2,631739270,False,0.0,0,0,0,0.0,0.0,0.0,0.0,0.0,273025872,526322264,1060940.5,423900.0,0.0,0.0,0.0005192775
310,1,631739848,False,0.313138633966446,6500,470,3860,0.000969733008258629,1.32153093407588e-05,0.00381514137687213,288.691038438687,0.000177039307580268,273025872,322,1802682198592.0,10935944064.0,41722172.6937256,144521.883738995,13.3965314784
311,2,631738568,False,0.354237884283066,8510,2510,5780,0.000539184268872896,0.00640353700146079,1.87611508369446,292.981079101562,9.84361765625e-05,273025872,336,1288850304.0,12548700.0,23542806.0,80356.0625,0.0153721575
312,3,631740148,False,0.652606308460236,4560,4940,9780,0.0793429739054227,0.0311311980748289,19.1595553184088,615.445485662188,0.0144852501069336,273025872,120,93737082880.0,379834208.0,7277454520.0,11824693.9648438,0.4652969048
313,1,631739634,False,0.00260371854528785,4080,3570,1810,4.24889473432085e-08,9.3983647531104e-09,2.05236801775754e-06,218.375015258789,7.75699471235275e-09,273025872,657,105750716416.0,673759808.0,1382.80310058594,6.33224058151245,0.8253557648
314,1,631739639,False,0.0,0,0,0,0.0,0.0,0.0,0.0,0.0,273025872,651,39628959744.0,381972608.0,0.0,0.0,0.4679164448
315,1,631739580,False,0.376807451248169,6390,6030,4840,0.000176895730933705,0.000210776764618498,0.0771301691005406,365.932977670213,3.22949692871094e-05,273025872,737,7395914400.0,125076596.0,9647179.0,26363.240234375,0.1532188301
316,1,631739693,False,0.0,0,0,0,0.0,0.0,0.0,0.0,0.0,273025872,580,2309159680.0,39566700.0,0.0,0.0,0.0484692075
317,2,631738677,False,0.223315417766571,10440,3610,7180,0.00031916380000466,1.96317114387057e-06,0.00114866765215993,585.108276367188,5.8268139453125e-05,273025872,512,4538984457216.0,24229079040.0,27831160.0,47565.828125,29.680621824
318,3,631740536,False,0.180241912603378,2100,2400,6510,0.000787150951742761,0.000560366679432541,0.172589134222956,307.993213296925,0.000143706214257812,273025872,667,6630621440.0,209347200.0,36131052.0,117311.1953125,0.25645032
319,2,631738622,False,0.853757321834564,7340,4890,6000,0.0254160239541535,0.139113262295723,113.706047058105,817.363098144531,0.0046400764375,273025872,414,11155091456.0,27228300.0,3096022272.0,3787817.5,0.0333546675
320,1,631740015,False,0.409199446439743,6180,6260,5190,0.00938909503338265,0.00437593786045909,1.8356066942215,419.477325439453,0.00171412014375,273025872,88,62526320640.0,319767296.0,586966976.0,1399281.75,0.3917149376
321,3,631740914,False,0.234374344348907,7850,4090,7980,0.000684511939843603,0.00503775955463927,1.61898547530864,321.370136416637,0.00012496792295227,273025872,563807439,2550553728.0,20250000.0,32784455.875,102014.630981445,0.02480625
322,3,631740578,False,0.596256792545319,7380,4630,7610,0.0147312603455188,0.00278571294400194,1.4014669162329,503.090930187358,0.00268941255906982,273025872,718,116294959104.0,788106624.0,1104505360.0,2195438.82373047,0.9654306144
323,3,631740431,False,0.512004852294922,5670,6440,6570,0.0273302103683094,0.008146562434717,2.99171928295452,367.237016462939,0.00498953988203125,273025872,523,87409852416.0,499976992.0,1495790808.0,4073093.78125,0.6124718152
324,2,631738563,False,0.529391765594482,8000,5980,5730,0.0224641407677094,0.00732396494419735,3.14764608294923,429.773504779409,0.00410116588074341,273025872,331,72946080896.0,457114492.0,1438834640.20312,3347890.51489258,0.5599652527
325,2,631738819,False,0.958819925785065,4000,5060,9330,2.00034092839193,0.00312317799062833,1.31366639547838,420.618485216109,0.365192243505162,273025872,695,14694698038456.3,95452810580.0,125393149612.909,298116117.147071,116.9296929605
326,2,631739046,False,0.0509059056639671,7640,2240,5950,7.36880705525e-06,3.95659626519773e-05,0.0128942932933569,325.893585205078,1.34528626708984e-06,273025872,982,3312734720.0,27756000.0,357894.0,1098.19287109375,0.0340011
327,2,631738330,False,0.591678321361542,5500,4610,7080,0.0291972791722035,0.0046105682849884,1.070028424263,232.081665039062,0.0053304013,273025872,6,15085940736.0,943776896.0,1009868096.0,4351348.0,1.1561266976
328,1,631739745,False,0.0752066448330879,7150,2680,5470,3.90381066614151e-05,4.03989106416702e-05,0.0143461897969246,355.11328125,7.12699197998047e-06,273025872,483,12351728640.0,144012608.0,2066032.25,5817.95263671875,0.1764154448
329,1,631739940,False,0.33555656671524,8260,4760,5680,0.000235415611121302,0.00140065047889948,0.623020887374878,444.808258056641,4.29786512695312e-05,273025872,197,1421187968.0,25048800.0,15605926.0,35084.61328125,0.03068478
330,2,631739020,False,0.193112075328827,10390,3600,7180,0.000431492323555979,1.45723753126072e-05,0.00428625359195478,294.135547569006,7.87753964627117e-05,273025872,960,88742654352.0,4412900760.0,18914811.73349,64306.4460920095,5.405803431
331,1,631739653,False,0.0,0,0,0,0.0,0.0,0.0,0.0,0.0,273025872,630,51986038784.0,543106816.0,0.0,0.0,0.6653058496
332,2,631738756,False,0.578893184661865,3040,3610,6150,0.00535055014416672,0.00376112177036703,1.15424489974976,306.888458251953,0.0009768231921875,273025872,620,19790350336.0,212012992.0,244714912.0,797406.6875,0.2597159152
333,3,631740471,False,0.411906123161316,2900,3870,5790,0.00214473278513052,0.00112046087635205,0.343993056431915,307.010323780223,0.00039155314296875,273025872,582,22708438016.0,285271200.0,98131312.0,319635.21875,0.34945722
334,1,631738497,False,0.0,0,0,0,0.0,0.0,0.0,0.0,0.0,273025872,312782608,24816347136.0,124375504.0,0.0,0.0,0.1523599924
335,1,631739777,False,0.0,0,0,0,0.0,0.0,0.0,0.0,0.0,273025872,428,443446432.0,3748500.0,0.0,0.0,0.0045919125
336,2,631738402,False,0.173169493675232,5420,7190,6250,4.61512480079749e-05,4.91350547235925e-05,0.0129005908966064,262.5537109375,8.42560263671875e-06,273025872,117,425476160.0,139982400.0,1805855.625,6878.04296875,0.17147844
337,2,631739074,False,0.679405927658081,6160,1960,6900,0.19675713505768,0.00139058521017432,0.407424807548523,292.988006591797,0.03592096655,273025872,1009,557248786452.69,21086976000.0,8591356928.0,29323238.0,25.8315456
338,2,631738711,False,0.958819925785065,4000,5060,9330,2.89604587792584,0.00348326353353207,1.42942247676251,410.368742704074,0.528716618473546,273025872,567,19244295762520.3,123908340176.0,177117366505.909,431605402.835547,151.7877167156
339,3,631740699,False,0.244160756468773,6070,2420,8870,0.00128590956870526,0.0002645800462713,0.0934296696158165,353.124398202023,0.000234762081640625,273025872,889,91890716672.0,724327168.0,67673648.0,191642.515625,0.8873007808
340,2,631738868,False,0.676899969577789,8970,5280,6540,0.145668304497965,0.0028872350230813,1.08721053600311,376.557678222656,0.02659393415,273025872,771,570566705536.0,7519073792.0,8174816256.0,21709334.0,9.2108653952
341,1,631739205,False,0.0473768375813961,9130,1870,1530,1.43648619339694e-05,9.66783807931382e-06,0.00243718888116666,252.092438989177,2.62252103271484e-06,273025872,312782574,35776046592.0,221438700.0,539687.9375,2140.83349609375,0.2712624075
342,3,631740219,False,0.368222653865814,9700,2970,10320,0.00687882024179866,0.00456280336949817,1.71680270037867,376.260505077933,0.00125583182402344,273025872,312782632,28870091776.0,224679600.0,385730544.0,1025168.8359375,0.27523251
343,1,631739728,False,0.352708429098129,5320,5860,4910,0.00131634092390214,0.000784747244324535,0.300430685281754,382.837524414062,0.00024031778203125,273025872,523,44176674816.0,249988496.0,75104216.0,196177.78125,0.3062359076
344,3,631740077,False,0.198851183056831,6690,1190,7090,0.000418232850020708,0.000297355795143612,0.102471072353313,344.607618303934,7.63546806640625e-05,273025872,9,40077244416.0,209615392.0,21479514.0,62330.3515625,0.2567788552
345,1,631739571,False,0.372771561145782,5180,7310,4370,0.00116922320718188,0.000101270772574935,0.0302402712404728,298.608062744141,0.0002134592359375,273025872,754,254548312064.0,1720658688.0,52033184.0,174252.4375,2.1078068928
346,1,631739997,False,0.0370738171041012,5160,6810,5530,9.19938191689531e-06,9.79414744506357e-06,0.00259662768803537,265.120330810547,1.67948516845703e-06,273025872,117,614238976.0,139982400.0,363482.1875,1371.00830078125,0.17147844
347,3,631740913,False,0.227336719632149,7790,3830,7370,0.000809910163467271,0.000479662221747158,0.144463887381632,301.178372679477,0.000147861249768066,273025872,563807435,19150243840.0,251641792.0,36353151.5,120703.061035156,0.3082611952
348,2,631738567,False,0.229057937860489,9150,3740,10020,0.00165866177144658,0.0101926317438483,3.26353549957275,320.185729980469,0.000302813587890625,273025872,335,3777590528.0,24252300.0,79148240.0,247194.765625,0.0297090675
349,2,631739934,False,0.30269268155098,9540,2430,9640,0.00328965825516119,0.00282858684659004,1.09455502033234,386.961791992188,0.0006005764625,273025872,312782644,35521896448.0,173325600.0,189714400.0,490266.5,0.21232386
350,2,631738986,False,0.568698585033417,8260,5450,7690,0.00483309265742194,0.00180715590249747,0.501646637916565,277.589019775391,0.000882353565625,273025872,924,4481041408.0,398575808.0,199944208.0,720288.625,0.4882553648
351,1,631739323,False,0.0768611282110214,5080,2160,4720,3.997795433609e-06,1.7992615539697e-05,0.00345885963179171,192.237731933594,7.29857527160644e-07,273025872,1085,553045312.0,33113700.0,114535.640625,595.802062988281,0.0405642825
352,3,631740545,False,0.11991972476244,7980,2230,9910,1.43095426160005e-05,1.78822671614638e-05,0.00785650258433034,439.346002013718,2.61242166137695e-06,273025872,678,29663878144.0,119257200.0,936944.5,2132.58911132812,0.14609007
353,3,631740926,False,0.339430212974548,3980,3570,5730,0.00540934648169982,0.00187300021773993,0.629450954425486,336.065606647402,0.000987557345605469,273025872,588,59792269312.0,430416000.0,270925762.0,806169.26171875,0.5272596
354,1,631739398,False,0.364149123430252,8780,5120,3590,0.00271135721866418,6.47665596580785e-05,0.0214522301491448,331.223864018675,0.000494998933218789,273025872,983,160399189256.0,6239033908.0,133841191.302734,404080.761811256,7.6428165373
355,1,631739220,False,0.251826018095016,8530,5830,5680,5.21788208426736e-05,0.000252384605119005,0.0661357641220093,262.043579101562,9.52602647705078e-06,273025872,607344838,6900227584.0,30811500.0,2037742.0,7776.34814453125,0.0377440875
356,3,631740458,False,0.428876519203186,8390,6640,9260,0.0170952748018271,0.0020152299482445,0.720310732627839,357.433519313919,0.00312099886054687,273025872,566,224398196736.0,1264249856.0,910652740.0,2547754.171875,1.5487060736
357,1,631739237,False,0.0,0,0,0,0.0,0.0,0.0,0.0,0.0,273025872,549009215,13291926528.0,144636304.0,0.0,0.0,0.1771794724
358,1,631739437,False,0.129658907651901,5630,6050,2790,4.57195938385843e-05,5.42222439398821e-06,0.00154021988640026,284.056832488885,8.34679769287109e-06,273025872,942,191696650240.0,1256626784.0,1935481.5625,6813.71240234375,1.5393678104
359,3,631740921,False,0.236171185970306,8920,5320,8460,0.000913322191943293,0.000113879416639521,0.0521393597434271,457.847091968088,0.000166740666845703,273025872,484682470,252488851456.0,1195254016.0,62319779.125,136114.830078125,1.4641861696
360,1,631739715,False,0.117763087153435,6180,1560,5680,0.000275671889496104,9.63653001235798e-05,0.0278948955237865,289.470336914062,5.03280387695312e-05,273025872,542,56060866560.0,426337216.0,11892632.0,41084.11328125,0.5222630896
361,2,631738509,False,0.163374111056328,8240,1000,7070,6.79536676601252e-05,0.000148085484397598,0.0559787563979626,378.016479492188,1.24059614013672e-05,273025872,257,11411015680.0,68388304.0,3828292.25,10127.3154296875,0.0837756724
362,3,631740346,False,0.212767586112022,9750,2620,9270,0.000140794726375818,0.000217335584254132,0.0817408070299731,376.104112497256,2.57041893554687e-05,273025872,377,13841862144.0,96546600.0,7891797.0,20983.01171875,0.118269585
363,3,631740363,True,0.979528307914734,7410,5030,6000,0.00821531703580752,0.284402007479908,485.093296758803,1705.6605931063,0.0014998293625,273025872,406,4063951872.0,4304999.5,2088326400.0,1224350.5,0.0052736243875
364,1,631739319,False,0.091256208717823,7110,2990,1640,2.19869347808014e-05,3.3318053738185e-06,0.00103581510484219,310.887054443359,4.01404476928711e-06,273025872,1090,225478918144.0,983482176.0,1018705.75,3276.77124023438,1.2047656656
365,2,631739886,False,0.0,0,0,0,0.0,0.0,0.0,0.0,0.0,273025872,312782582,11618116608.0,52763400.0,0.0,0.0,0.064635165
366,2,631738978,False,0.102281264960766,5480,5620,6160,1.41342585678302e-05,0.000401254568714648,0.1566441655159,390.386016845703,2.58042092895508e-06,273025872,914,999968256.0,5249700.0,822334.875,2106.46606445312,0.0064308825
367,1,631739760,False,0.194725602865219,4950,5990,5660,5.89908995502358e-05,0.000485266355099156,0.156202062964439,321.889343261719,1.07696736328125e-05,273025872,452,2493745152.0,18117000.0,2829912.75,8791.5703125,0.022193325
368,2,631739033,False,0.05045435577631,11250,5210,5890,8.32025542139333e-06,1.15145867312094e-05,0.0044859629124403,389.589569091797,1.51898743896484e-06,273025872,970,5026499072.0,107688600.0,483087.0625,1239.98974609375,0.131918535
369,3,631740143,False,0.0183635614812374,10380,6590,7270,1.82891068704312e-06,8.97357207835861e-07,0.000278393059161728,310.236611163043,3.33895081329346e-07,273025872,114,22706629632.0,303744608.0,84560.390625,272.567413330078,0.3720871448
370,3,631740413,False,0.60417652130127,2510,3340,5680,0.037342702129556,0.0146935115726939,4.8017493987292,326.793862377504,0.00681747045,273025872,484,19003845632.0,378757792.0,1818700000.0,5565282.0,0.4639782952
371,3,631740397,False,0.253049910068512,5030,5960,5770,0.000265559644638024,0.0010922630290266,0.350622750731357,321.005784699884,4.84818967773437e-05,273025872,452,4940181760.0,36234000.0,12704464.75,39577.05859375,0.04438665
372,2,631739915,False,0.201396822929382,8290,1640,8780,0.000292942590722617,0.000640686019323766,0.253763943910599,396.081573486328,5.34810643554687e-05,273025872,312782620,12900497408.0,68142600.0,17292134.0,43658.01171875,0.083474685
373,3,631740548,True,0.341875791549683,7740,5220,6040,0.000208076384482294,0.170555536410639,153.876785701549,902.209268253049,3.79874653320312e-05,273025872,681,85277808.0,181818.640625,27977668.0,31010.17578125,0.000222727834765625
374,3,631740917,False,0.356299877166748,7730,4090,1760,0.00106341336828264,9.51458850826845e-05,0.0285626802835109,300.198797443412,0.000194142062597656,273025872,484682520,47144755200.0,1665687552.0,47576501.0,158483.31640625,2.0404672512
375,1,631739954,False,0.270549952983856,2350,2910,5690,0.00033544984390966,0.000212081518839113,0.053053941577673,250.158233642578,6.12414010742187e-05,273025872,171,9341820928.0,235725296.0,12506156.0,49992.98046875,0.2887634876
376,2,631738822,False,0.664515674114227,2760,5640,5900,0.176904814618321,0.00126674037892371,0.463222831487656,365.680938720703,0.03229662765,273025872,698,2450914027008.0,20812941312.0,9641029632.0,26364594.0,25.4958531072
377,3,631740845,False,0.00107863650191575,10170,4480,2900,3.67702316820426e-08,4.55320777614867e-09,3.03833098489056e-06,667.294605092792,6.71295738220215e-09,273025872,1049,186599383040.0,1203539456.0,3656.75122070312,5.47996520996094,1.4743358336
378,3,631740755,False,0.0,0,0,0,0.0,0.0,0.0,0.0,0.0,273025872,950,160857497600.0,853875008.0,0.0,0.0,1.0459968848
379,2,631738687,False,0.0548672452569008,5660,2570,5880,3.24341302541636e-06,2.86215145024471e-05,0.00570923881605268,199.473678588867,5.92133702087402e-07,273025872,530,175708384.0,16888500.0,96420.4765625,483.374450683594,0.0206884125
380,1,631739971,False,0.301347315311432,7360,3740,5660,0.00249673848587854,0.00186031230259687,0.67220401763916,361.33935546875,0.0004558170640625,273025872,149,27841632256.0,200017792.0,134452768.0,372095.5625,0.2450217952
381,3,631740772,False,0.271305024623871,7720,6010,9450,0.00255488886729259,0.00043493284440013,0.148500442358892,341.433037929585,0.000466433288500977,273025872,966,156367945728.0,875449792.0,130004681.375,380761.868164062,1.0724259952
382,1,631739974,False,0.108082607388496,9670,5800,5100,0.000122038979377157,1.71038482221775e-05,0.00510063581168652,298.215667724609,2.22800463867187e-05,273025872,146,75326046208.0,1063374272.0,5423885.0,18187.79296875,1.3026334832
383,1,631739710,False,0.0,0,0,0,0.0,0.0,0.0,0.0,0.0,273025872,551,28714119168.0,116853296.0,0.0,0.0,0.1431452876
384,3,631740375,False,0.212767586112022,9750,2620,9270,0.000685876098647778,0.000142958265049817,0.0652253113081897,456.254217169329,0.000125216970605659,273025872,425,102207133984.0,715019416.0,46637364.0,102217.935188293,0.8758987846
385,3,631740952,False,0.176107302308083,9810,1430,5130,0.000325127854077632,2.49662263097054e-05,0.00786576164353554,315.056090013803,5.93569669906616e-05,273025872,302,229366878208.0,1940808608.0,15265937.90625,48454.6669311523,2.3774905448
386,1,631739738,False,0.0,0,0,0,0.0,0.0,0.0,0.0,0.0,273025872,501,9446200320.0,44468100.0,0.0,0.0,0.0544734225
387,2,631738876,False,0.0,0,0,0,0.0,0.0,0.0,0.0,0.0,273025872,781,1784407808.0,10564200.0,0.0,0.0,0.012941145
388,3,631740558,False,0.532876253128052,7340,5410,6360,0.00802182777015594,0.012864529175801,6.45499035327867,501.766544664604,0.00146450499453125,273025872,690,6853305600.0,92931056.0,599869070.0,1195514.28125,0.1138405436
389,1,631739645,False,0.0549319982528687,10350,6940,4950,5.89261067028224e-06,1.26349023048533e-05,0.00385507266037166,305.112976074219,1.07578447265625e-06,273025872,642,2468589568.0,69505200.0,267947.59375,878.19140625,0.08514387
390,3,631740880,True,1.0,7370,5250,6090,0.233370278951528,0.427615921000695,1066.79049802725,2494.73989539673,0.0426052452,273025872,1097,116007198720.0,81334184.0,86766534656.0,34779792.0,0.0996343754
391,2,631739138,False,0.550862908363342,9790,5930,6490,0.0101497739656666,0.00143097946420312,0.632158517837524,441.766296386719,0.00185299349375,273025872,1093,59219251200.0,1057071616.0,668236800.0,1512647.75,1.2949127296
392,1,631739621,False,0.42192268371582,4450,5110,2530,6.87125132588715e-05,0.000135513211716898,0.118389531970024,873.638305664062,1.25445000488281e-05,273025872,675,9601669120.0,75567600.0,8946413.0,10240.408203125,0.09257031
393,1,631740056,False,0.33911344408989,4780,6600,2710,0.000496236728367547,0.000154757649434764,0.0369683644967954,238.879077265766,9.05954587890625e-05,273025872,21,10215722112.0,477879296.0,17666416.0,73955.4765625,0.5854021376
394,2,631739140,False,0.239229544997215,6390,4630,6110,0.000532474749353368,0.000721934484317899,0.317776918411255,440.174163818359,9.7211253125e-05,273025872,1096,22858590208.0,109921504.0,34930516.0,79356.125,0.1346538424
395,2,631739218,False,0.510024964809418,7790,3600,6290,0.00812015668245951,0.0432580001652241,19.7072715759277,455.5751953125,0.0014824564125,273025872,549009203,4791184896.0,27975600.0,551322752.0,1210168.5,0.03427011
396,1,631739902,False,0.294144988059998,4510,4420,4920,0.00332112472327475,0.000360298606525085,0.131655224895803,365.405867554018,0.00060632113828125,273025872,242,189443596288.0,1373738400.0,180859838.0,494956.03125,1.68282954
397,1,631738773,False,0.0641855299472809,7360,3190,3050,6.97719136643263e-06,1.11465860754834e-05,0.00355600379407406,319.021789550781,1.27379094848633e-06,273025872,496345664,15183039488.0,93286800.0,331728.21875,1039.82934570312,0.11427633
398,2,631739032,False,0.482147306203842,2110,3290,6520,0.00872230240479982,0.00750085478648543,2.41219353675842,321.589141845703,0.001592387146875,273025872,969,10919625728.0,173301296.0,418036256.0,1299907.875,0.2122940876
399,3,631740177,False,0.0,0,0,0,0.0,0.0,0.0,0.0,0.0,273025872,589508451,1211871808.0,92370600.0,0.0,0.0,0.113153985
400,1,631739258,False,0.603384673595428,7030,5450,5660,0.0143962175046163,0.0543858744204044,29.4068336486816,540.707153320312,0.0026282454625,273025872,560581559,11737940992.0,39449700.0,1160090752.0,2145506.5,0.0483258825
401,1,631739977,False,0.582636535167694,4830,6650,5590,0.0061959678370588,0.0010030450087478,0.387040255862003,385.86529267035,0.00113116687409897,273025872,141,138299024736.0,920598300.0,356308601.578125,923401.529876709,1.1277329175
402,1,631739916,False,0.301865041255951,5680,6070,4680,0.00146248328809896,0.000864948844537139,0.333157807588577,385.176300048828,0.000266998262890625,273025872,226,30953312256.0,251989200.0,83952168.0,217957.765625,0.30868677
403,2,631738591,True,1.0,6970,5170,6290,0.117879776995865,0.840061187744141,5602.28466796875,6668.90087890625,0.0215207216,273025872,366,119586463744.0,20912686.0,117158821888.0,17567936.0,0.02561804035
404,2,631738672,False,0.0,0,0,0,0.0,0.0,0.0,0.0,0.0,273025872,501,8210274304.0,44468100.0,0.0,0.0,0.0544734225
405,1,631739992,False,0.0,0,0,0,0.0,0.0,0.0,0.0,0.0,273025872,122,7385065472.0,164670304.0,0.0,0.0,0.2017211224
406,1,631739385,False,0.143338933587074,7320,5480,4350,0.000159160719873902,4.28993268930698e-05,0.0134373149740422,313.229039875983,2.90571769760132e-05,273025872,1000,13499242590.5332,552925796.0,7429838.078125,23720.1444702148,0.6773341001
407,1,631739519,False,0.356367379426956,5370,6290,4340,0.00063421370960946,6.19337043441575e-05,0.0216983219339149,350.347555724104,0.000115785226501465,273025872,835,208965971968.0,1526124640.0,33114343.75,94518.5522460938,1.869502684
408,3,631740115,False,0.100389286875725,6190,3330,6710,2.36998145949437e-05,2.43585043269326e-05,0.00934503639769419,383.645739174618,4.32675667419434e-06,273025872,64,29405533184.0,145002592.0,1355054.5,3532.04626464844,0.1776281752
409,2,631738927,False,0.0,0,0,0,0.0,0.0,0.0,0.0,0.0,273025872,850,149942208.0,38280600.0,0.0,0.0,0.046893735
410,1,631739629,False,0.0203121360391378,8990,6140,2310,7.08840336140635e-06,2.3878026240709e-06,0.00063022825634107,263.936492919922,1.29409436645508e-06,273025872,664,62742208512.0,442416608.0,278823.4375,1056.40356445312,0.5419603448
411,1,631739747,False,0.0,0,0,0,0.0,0.0,0.0,0.0,0.0,273025872,478,36915277824.0,237633296.0,0.0,0.0,0.2911007876
412,3,631740138,False,0.0447534024715424,9690,6420,6770,3.42675788732061e-06,2.90677466647592e-06,0.00100455981833339,345.592601283845,6.25606056976318e-07,273025872,105,13099125760.0,175692608.0,176493.734375,510.698822021484,0.2152234448
413,3,631740836,False,0.332725912332535,6170,2300,8560,0.00606579524147936,0.000775009352992173,0.273128269230706,352.419320071695,0.0011074019140625,273025872,1038,195631144960.0,1166439552.0,318587616.0,904001.5625,1.4288884512
414,1,631739430,False,0.0,0,0,0,0.0,0.0,0.0,0.0,0.0,273025872,950,82288803840.0,426937504.0,0.0,0.0,0.5229984424
415,3,631740451,False,0.00853115785866976,12860,7190,4020,3.23617502029379e-07,3.66602019765865e-07,0.000118306972888175,322.712277918528,5.90812295675278e-08,273025872,553,390475984.0,131558400.0,15564.2760620117,48.2295751571655,0.16115904
416,3,631740526,False,0.0,0,0,0,0.0,0.0,0.0,0.0,0.0,273025872,654,106029629440.0,493315200.0,0.0,0.0,0.60431112
417,3,631740800,False,0.709353506565094,6370,1360,6500,0.0886353667587112,0.00112051805155879,0.364403575042433,325.209910304879,0.0161817158170822,273025872,993,968413404257.938,11788800648.0,4295881101.59375,13209563.932312,14.4412807938
418,3,631740294,False,0.958819925785065,4000,5060,9330,1.80306051443616,0.00242241396852405,1.03051313601528,425.407527121864,0.329175744542632,273025872,315,16640979912518.5,110928560104.0,114313338346.432,268714893.504189,135.8874861274
419,1,631739684,False,0.0603217035531998,9100,4200,5640,1.21640118068293e-05,4.84337069792673e-05,0.0193960890173912,400.466735839844,2.22072282714844e-06,273025872,591,2923034112.0,37429200.0,725980.125,1812.8349609375,0.04585077
420,3,631740718,False,0.564376652240753,9530,3220,9560,0.0252261793627853,0.000366525441804782,0.125966799754235,343.678188160612,0.00460541745949528,273025872,909,1557726183424.0,10257199168.0,1292066553.63477,3759524.45673084,12.5650689808
421,1,631739635,False,0.0788990184664726,4250,1050,4580,0.000120733883157565,1.72317886608653e-05,0.00530481431633234,307.850463867188,2.20417814941406e-05,273025872,656,60829351936.0,1044191680.0,5539243.0,17993.291015625,1.279134808
422,3,631740819,False,0.00896847154945135,10510,3970,2340,4.69599172783292e-07,7.19641294074074e-09,3.20831016736612e-06,445.820743443313,8.57323734283447e-08,273025872,1017,1580175917056.0,9725068800.0,31201.037109375,69.9856109619141,11.91320928
423,2,631738580,False,0.0699063166975975,10500,4590,6650,5.63837409994368e-05,0.000698487856425345,0.38929545879364,557.34033203125,1.02936977294922e-05,273025872,350,1748338432.0,12030300.0,4683341.0,8403.0185546875,0.0147371175
424,2,631738686,False,0.168412938714027,10060,3840,7880,9.08803695381799e-05,5.87496695006694e-07,0.0003628289916276,617.58473658046,1.65915747516632e-05,273025872,528,4451613764608.0,23053989528.0,8364655.7734375,13544.1426544189,28.2411371718
425,3,631740680,False,0.488921970129013,8900,4800,6480,0.00533974423971779,0.0014594669011501,0.460953054821283,315.836593798763,0.000974850412231445,273025872,863,8454140320.0,545265024.0,251341578.5,795796.254882812,0.6679496544
426,1,631739448,False,0.299825310707092,7590,4380,5100,0.000707868567930254,0.000482381496112794,0.174107551574707,360.933319091797,0.00012923202578125,273025872,930,31747055616.0,218697296.0,38076852.0,105495.53125,0.2679041876
427,2,631738577,False,0.482918441295624,6200,6160,5860,0.00668533689976501,0.0202383399009705,6.9600567817688,343.904510498047,0.0012205085375,273025872,347,7348487680.0,49230000.0,342643584.0,996333.5,0.06030675
428,1,631739948,False,0.0,0,0,0,0.0,0.0,0.0,0.0,0.0,273025872,184,13497350088.75,438244200.0,0.0,0.0,0.536849145
429,2,631738627,False,0.212767586112022,9750,2620,9270,0.000685876098647778,0.000285916530099634,0.130450622616379,456.254217169329,0.000125216970605659,273025872,425,51100271424.0,357509708.0,46637364.0,102217.935188293,0.4379493923
430,1,631739991,False,0.0,0,0,0,0.0,0.0,0.0,0.0,0.0,273025872,123,8418307584.0,78842704.0,0.0,0.0,0.0965823124
431,1,631739771,False,0.00086271611507982,12570,6600,3450,8.84705790850665e-09,1.585167330731e-09,7.50933281778998e-07,473.724945068359,1.61516313552856e-09,273025872,437,49837047808.0,831773696.0,624.606567382812,1.31850051879883,1.0189227776
432,3,631740392,False,0.0,0,0,0,0.0,0.0,0.0,0.0,0.0,273025872,445,59305066496.0,896732992.0,0.0,0.0,1.0984979152
433,2,631738561,False,0.631885945796967,7040,1750,9710,0.0121472191363273,0.000639806219526844,0.238293953736466,372.447072978897,0.00221765707324219,273025872,329,554901356544.0,2829500948.0,674252968.0,1810332.3046875,3.4661386613
434,3,631740741,False,0.0,0,0,0,0.0,0.0,0.0,0.0,0.0,273025872,936,545173880832.0,3001273088.0,0.0,0.0,3.6765595328
435,2,631738596,False,0.0,0,0,0,0.0,0.0,0.0,0.0,0.0,273025872,372,433232640.0,24060600.0,0.0,0.0,0.029474235
436,1,631739735,False,0.288855016231537,1560,2750,4280,0.00071627266154807,1.44080113386735e-05,0.0044129928573966,306.287445068359,0.000130766319140625,273025872,507,589534920704.0,7408934912.0,32695578.0,106748.015625,9.0759452672
437,3,631740749,False,0.0,0,0,0,0.0,0.0,0.0,0.0,0.0,273025872,944,185014312960.0,948058176.0,0.0,0.0,1.1613712656
438,2,631739130,False,0.177141383290291,9680,3150,8140,0.000314442728938276,0.000113602523924783,0.0389334410429001,342.716339111328,5.7406237109375e-05,273025872,1084,65325498368.0,412510496.0,16060453.0,46862.234375,0.5053253576
439,1,631739860,False,0.0,0,0,0,0.0,0.0,0.0,0.0,0.0,273025872,304,12212148224.0,189279904.0,0.0,0.0,0.2318678824
440,2,631738730,False,0.132259950041771,9150,4150,5780,0.000117720399801421,0.000468729849671945,0.158223003149033,337.556915283203,2.14916249023437e-05,273025872,591,2950001664.0,37429200.0,5922160.5,17544.18359375,0.04585077
441,2,631738867,False,0.565205693244934,6460,1460,6540,0.0205991805461395,0.00109632075020035,0.252199372916128,230.041594004345,0.0037606894161087,273025872,768,98948902304.0,2800230264.0,706216316.601562,3069950.54376221,3.4302820734
442,2,631739014,False,0.223387807607651,8340,3050,9950,0.000784954914555186,0.000873136799782515,0.328994184732437,376.795715332031,0.000143305294726562,273025872,954,26893516800.0,133981200.0,44079036.0,116983.9140625,0.16412697
443,2,631739274,False,0.236171185970306,8920,5320,8460,0.00088737086112136,0.000221287249587476,0.101866014301777,460.333862304688,0.000162002862109375,273025872,484682470,123227963392.0,597627008.0,60877880.0,132247.234375,0.7320930848
444,3,631740834,False,0.391543477773666,6740,3810,10250,0.000870504957926988,0.000123503220994982,0.061101122057285,494.733024491463,0.000158923738476562,273025872,1035,253873537024.0,1050447616.0,64183528.0,129733.6640625,1.2867983296
445,2,631739189,False,0.098714642226696,6360,2910,9050,6.62698596063647e-05,0.000410110922530293,0.12399148195982,302.336456298828,1.20985569824219e-05,273025872,929,766114240.0,24082200.0,2985987.75,9876.373046875,0.029500695
446,1,631739235,False,0.0,0,0,0,0.0,0.0,0.0,0.0,0.0,273025872,549009219,886602880.0,6260400.0,0.0,0.0,0.00766899
447,3,631740657,False,0.143359139561653,9880,1330,4580,0.000150319029220286,6.89056225125208e-05,0.0218198901276987,316.663420662571,2.74429937133789e-05,273025872,834,36929034240.0,325117792.0,7094034.5,22402.4438476562,0.3982692952
448,2,631738958,False,0.546902656555176,6330,800,6400,0.00875796562516113,0.00123177720259263,0.479530998125108,389.300108100553,0.00159889800273437,273025872,894,148695509453.25,1059625764.0,508123400.25,1305222.859375,1.2980415609
449,1,631739952,False,0.0,0,0,0,0.0,0.0,0.0,0.0,0.0,273025872,177,1547353600.0,13496400.0,0.0,0.0,0.01653309
450,1,631739370,False,0.175854951143265,7270,4000,4540,0.000225335762686929,5.95772435190156e-05,0.0245395060628653,411.893951416016,4.11384237304687e-05,273025872,1020,98161262592.0,563678080.0,13832382.0,33582.38671875,0.690505648
451,1,631739873,False,0.379709005355835,6140,6860,5460,0.000139832217094784,0.000704058445990086,0.223700627684593,317.730194091797,2.55284688476562e-05,273025872,286,3323101696.0,29599200.0,6621359.5,20839.56640625,0.03625902
452,2,631738375,False,0.464552819728851,1840,2780,6090,0.00860991428334991,0.0111159486696124,3.72823429107666,335.395080566406,0.001571869009375,273025872,68,3232762368.0,115434000.0,430364992.0,1283158.375,0.14140665
453,1,631738539,False,0.118124201893806,6800,400,3960,5.55207865050894e-05,1.27765688259719e-05,0.00387336246600743,303.161397928194,1.01361524414062e-05,273025872,312782546,137196733312.0,647623808.0,2508481.75,8274.41015625,0.7933391648
454,3,631740506,False,0.247649312019348,6160,1660,8000,0.000726727375396564,0.000151887443206276,0.0616449569908194,405.859468627044,0.000132674983984375,273025872,625,139212529664.0,713068224.0,43957060.0,108306.109375,0.8735085744
455,2,631738804,True,0.341875791549683,7740,5220,6040,0.000208076384482294,0.170555531978607,153.87678527832,902.209289550781,3.79874653320312e-05,273025872,681,85277808.0,181818.640625,27977668.0,31010.17578125,0.000222727834765625
456,2,631738620,False,0.0,0,0,0,0.0,0.0,0.0,0.0,0.0,273025872,413,162657296.0,112570200.0,0.0,0.0,0.137898495
457,1,631739759,False,0.313138633966446,6500,470,3860,0.00239134563699542,2.37685611320078e-05,0.00642421463465387,270.282016609021,0.000436576018505347,273025872,453,2569014103104.0,14994117000.0,96325425.8651123,356388.586534977,18.367793325
458,3,631740243,False,0.338594526052475,7700,670,8560,0.000466368360141778,0.000452306394256913,0.166033427002395,367.08175942365,8.51425401153564e-05,273025872,312782604,28106366976.0,153666000.0,25513692.59375,69504.1143798828,0.18824085
459,3,631740662,False,0.520143568515778,950,5880,7080,0.00928028502078062,0.000257454885306629,0.0768597566068736,298.536796127732,0.00169425524369523,273025872,840,175501642880.0,5372069376.0,412895944.7146,1383065.50505733,6.5807849856
460,3,631740157,False,0.464595109224319,6900,5370,9310,0.0114642498564434,0.00225920898603788,0.951797362380435,421.296731848461,0.00209297078600693,273025872,131,163724566528.0,756259200.0,719805511.835938,1708547.58041382,0.92641752
461,2,631738911,False,0.331275135278702,4020,4370,8120,0.00171677068098247,0.0117759499698877,3.48172855377197,295.664337158203,0.000313422241015625,273025872,831,1398569472.0,21726900.0,75647168.0,255854.890625,0.0266154525
462,1,631739392,False,0.0,0,0,0,0.0,0.0,0.0,0.0,0.0,273025872,989,10270543872.0,225916192.0,0.0,0.0,0.2767473352
463,1,631739973,False,0.0296161603182554,10600,4380,4690,1.70438703580604e-06,3.89662527595647e-05,0.023097587749362,592.758728027344,3.11161420822144e-07,273025872,147,1074799744.0,6518700.0,150566.25,254.009323120117,0.0079854075
464,1,631739456,False,0.132654458284378,5100,1610,2360,2.13487796209795e-05,5.60103637186407e-06,0.00162449970371238,290.035556968136,3.89753997192383e-06,273025872,182305689,90188545792.0,568049388.0,922796.0625,3181.66528320312,0.6958605003
465,1,631739736,False,0.0,0,0,0,0.0,0.0,0.0,0.0,0.0,273025872,506,124418784.0,5330700.0,0.0,0.0,0.0065301075
466,3,631740690,False,0.282804757356644,4920,2930,9940,0.00188054970018234,0.000398922496256157,0.117608070308552,294.814334644675,0.0003433225578125,273025872,878,51555848192.0,702550784.0,82625642.0,280263.3125,0.8606247104
467,2,631738481,False,0.276889652013779,6430,7120,5960,0.00138371542030374,0.00160830491222441,0.543359220027924,337.845886230469,0.00025261800703125,273025872,223,8017596928.0,128221200.0,69670168.0,206218.78125,0.15707097
468,1,631739233,False,0.0,0,0,0,0.0,0.0,0.0,0.0,0.0,273025872,549009227,1271084288.0,20026800.0,0.0,0.0,0.02453283
469,3,631740714,False,0.287632286548615,6450,1390,6520,0.00124636171309741,0.000500662787537061,0.172689975352164,344.922729731298,0.00022754202734375,273025872,906,49532126507.75,371005392.0,64068912.0,185748.59375,0.4544816052
470,2,631738751,False,0.423596024513245,6470,6890,6500,0.0118557331527687,0.00750440591946244,2.38466000556946,317.767974853516,0.002164441934375,273025872,614,28940349440.0,235447200.0,561461504.0,1766891.375,0.28842282
471,3,631740528,False,0.505523860454559,2590,1880,6090,0.0533367861746692,0.00380625652515045,1.14252196062317,300.16945864625,0.00973743041899414,273025872,656,128247201792.0,2088383360.0,2386023851.0,7948922.79101562,2.558269616
472,2,631738633,True,0.908263385295868,6310,730,6210,0.00774816438029756,0.165006563067436,200.653930664062,1216.0361328125,0.0014145436375,273025872,434,3339121664.0,6998082.5,1404192768.0,1154729.5,0.0085726510625
473,3,631740821,False,0.327275723218918,7890,2920,7240,0.000994103483711271,0.000801087302327727,0.277794635707372,346.771987148194,0.00018148850345459,273025872,1029,18623084544.0,184940992.0,51375615.5,148153.880371094,0.2265527152
474,1,631739480,False,0.246444746851921,9630,630,4530,0.000411489807017426,5.7816650997479e-05,0.0183588945644052,317.536457883141,7.51236370117187e-05,273025872,894,155257486784.0,1060687828.0,19473056.0,61325.41796875,1.2993425893
475,1,631739432,False,0.513271152973175,9520,6970,5590,0.00392080095626402,0.000920227389329406,0.271584457425799,295.127552792913,0.000715801030330515,273025872,948,14193827808.0,634981504.0,172451107.239258,584327.37169838,0.7778523424
476,1,631739497,False,0.415754646062851,7400,4960,5590,0.0108876504107242,0.000539733563175568,0.235715049282265,436.724831221196,0.0019877039076477,273025872,864,472874355968.0,3006326724.0,708636451.90625,1622615.43481445,3.6827502369
477,3,631740705,False,0.546829104423523,5910,4780,10480,0.0626364998813109,0.03095500295808,15.6488253161343,505.534608971812,0.0114352326607422,273025872,897,62046873600.0,301563008.0,4719106834.0,9334883.8046875,0.3694146848
478,1,631739849,False,0.0,0,0,0,0.0,0.0,0.0,0.0,0.0,273025872,321,2416157952.0,12087000.0,0.0,0.0,0.014806575
479,3,631740357,False,0.210494831204414,12410,6710,6760,0.000337276225469041,2.74273698866546e-05,0.00776669594675543,283.173194471501,6.1574834425354e-05,273025872,395,78314756096.0,1832664640.0,14233749.03125,50265.1709594727,2.245014184
480,2,631738579,False,0.0804406479001045,6800,6430,7190,3.64940339862707e-05,0.000482908275444061,0.144118309020996,298.438262939453,6.66253334960937e-06,273025872,349,368698656.0,11262600.0,1623146.875,5438.802734375,0.013796685
481,2,631738639,True,0.319966435432434,6230,530,6240,3.99417336076127e-05,0.188005000352859,255.552520751953,1359.28576660156,7.29196263427734e-06,273025872,442,11655300.0,31662.04296875,8091315.0,5952.62255859375,3.87860026367187e-05
482,3,631740168,False,0.676899969577789,8970,5280,6540,0.109139509856746,0.00764798962193095,2.72327841170489,356.077681368155,0.0199250547213867,273025872,146,164778606592.0,2126748544.0,5791728397.0,16265350.7929688,2.6052669664
483,3,631740811,False,0.334133446216583,8040,4250,7770,0.000970239727645674,0.000112970869462811,0.039054032623553,345.700027000406,0.000177131816805649,273025872,1008,175054035968.0,1279952984.0,49987325.59375,144597.401473999,1.5679424054
484,1,631739293,False,0.146523103117943,3430,4140,4860,2.65548813066748e-05,1.41860291478224e-05,0.00352188316173851,248.264190673828,4.84799193115234e-06,273025872,1125,16137490432.0,278974784.0,982516.5625,3957.54443359375,0.3417441104
485,3,631740529,False,0.175165519118309,4080,2810,9280,0.000145534251178753,1.60957624813393e-05,0.00496799061298458,308.652082729492,2.65694607056498e-05,273025872,657,201175105536.0,1347519616.0,6694464.80310059,21689.3556780815,1.6507115296
486,3,631740753,False,0.62622457742691,9480,6900,5730,0.00610660455849567,0.000716622041416518,0.209019987433865,291.673958312395,0.00111485226706262,273025872,948,24743965144.0,1269963008.0,265447651.973633,910083.483316422,1.5557046848
487,2,631738908,False,0.371546596288681,3720,3800,6030,0.00571226533617519,0.00562686752527952,1.78304266929626,316.880157470703,0.0010428597265625,273025872,827,21963581440.0,151294496.0,269764544.0,851314.0625,0.1853357576
488,1,631739268,False,0.210987880825996,5050,3170,5240,0.000378906710713932,0.000222653077798896,0.0861639007925987,386.987243652344,6.91751040039062e-05,273025872,250,36865925120.0,253620896.0,21852966.0,56469.47265625,0.3106855976
489,3,631740436,False,0.0548672452569008,5660,2570,5880,3.24341302541636e-06,1.43107573403083e-05,0.00285461931380821,199.473671862758,5.92133702087402e-07,273025872,530,394388144.0,33777000.0,96420.4765625,483.374450683594,0.041376825
490,3,631740520,False,0.168412938714027,10060,3840,7880,0.000145865029407217,1.19140334299925e-06,0.00085364387624058,716.502837814443,2.66298492332458e-05,273025872,645,3983769474048.0,18246257712.0,15575806.1601562,21738.6524353027,22.3516656972
491,2,631738366,False,0.43359512090683,8020,5620,6210,0.00344112946410798,0.0230959374457598,8.50253486633301,368.139862060547,0.00062822980390625,273025872,54,3301783296.0,22204800.0,188797088.0,512840.65625,0.02720088
492,2,631738600,False,0.692408740520477,6910,3510,10550,0.0696524470029286,0.00255792180056013,0.998219682572936,390.246364198604,0.0127160990537109,273025872,378,752416303104.0,4058172936.0,4050948100.0,10380489.0234375,4.9712618466
493,2,631739149,False,0.349631726741791,6100,4890,6300,0.00109388925545677,0.00217778119258583,0.93453723192215,429.12353515625,0.00019970589296875,273025872,1104,16171887616.0,74858400.0,69957960.0,163025.21875,0.09170154
494,2,631738398,False,0.652606308460236,4560,4940,9780,0.121992806190794,0.0165947564873454,8.61665732739671,519.23975708637,0.0222716167789062,273025872,111,226431704576.0,1095581708.0,9440252152.0,18180911.65625,1.3420875923
495,1,631739926,False,0.207441672682762,8590,4610,5050,0.000268073276862859,0.000112700341560412,0.0364146307110786,323.110198974609,4.8940798046875e-05,273025872,214,35926253568.0,354494688.0,12908793.0,39951.671875,0.4342559928
496,3,631740475,False,0.497764855623245,3720,4650,5800,0.0150604604186711,0.00173066807791901,0.604587904194395,349.33787241362,0.00274951297073975,273025872,589,115603219456.0,1296898240.0,784088988.875,2244500.38427734,1.588700344
497,3,631740353,False,0.104616060853004,9940,6760,6130,6.85285644428515e-05,1.43043084854519e-06,0.000474590506317891,331.781509606404,1.25109174330555e-05,273025872,386,505488922240.0,7139802552.0,3388482.50816345,10212.9938229024,8.7462581262
498,2,631738725,False,0.0,0,0,0,0.0,0.0,0.0,0.0,0.0,273025872,496345672,6712458240.0,43132500.0,0.0,0.0,0.0528373125
499,1,631740018,False,0.430800020694733,5500,2880,4390,0.00412627356587131,0.000369213288649917,0.148090377449989,401.097106933594,0.0007533131375,273025872,81,72397404672.0,1665567104.0,246654464.0,614949.5,2.0403197024
500,2,631738518,False,0.205722391605377,9220,3920,7570,0.000461278733067923,0.00155584060121328,0.485490173101425,312.043640136719,8.421335234375e-05,273025872,271,5556024320.0,44185500.0,21451626.0,68745.59375,0.0541272375
501,1,631739589,False,0.0,0,0,0,0.0,0.0,0.0,0.0,0.0,273025872,725,7096999936.0,44470800.0,0.0,0.0,0.05447673
502,2,631738644,False,0.0,0,0,0,0.0,0.0,0.0,0.0,0.0,273025872,445,28576219136.0,448366496.0,0.0,0.0,0.5492489576
503,1,631739839,False,0.293623000383377,6180,6160,5280,0.000281390618390601,0.0149970995262265,7.17770051956177,478.605895996094,5.1372078515625e-05,273025872,332,611655040.0,2796300.0,20071004.0,41936.390625,0.0034254675
504,1,631740047,False,0.209734901785851,5610,2120,5690,0.000332700361571578,1.98894713837978e-05,0.00532194835023902,267.576158639105,6.0739441828537e-05,273025872,31,353754902560.0,2492937940.0,13267286.9570312,49583.2178192139,3.0538489765
505,3,631740625,False,0.164114847779274,8270,2380,9720,9.09798320754925e-05,8.30742588347788e-05,0.0573593085263336,690.458263857784,1.66097331298828e-05,273025872,791,38033180672.0,163215008.0,9361900.0,13558.9658203125,0.1999383848
506,3,631740968,False,0.16566427052021,8460,6180,5470,5.36050612739128e-05,0.000234346074268136,0.0698354058681087,298.001176619685,9.78640806274414e-06,273025872,606826655,4216113024.0,34090200.0,2380702.953125,7988.90454101562,0.041760495
507,1,631739928,False,0.0,0,0,0,0.0,0.0,0.0,0.0,0.0,273025872,211,32565159936.0,271941312.0,0.0,0.0,0.3331281072
508,1,631739615,False,0.256940215826035,6800,5350,5020,0.00118576729541648,0.000422842771513388,0.170351430773735,402.871826171875,0.000216479607421875,273025872,685,68407922688.0,417928512.0,71194720.0,176718.046875,0.5119624272
509,1,631739963,False,0.146694645285606,3520,5410,4910,6.64296138155009e-05,4.5169022087066e-06,0.00139474926982075,308.784454345703,1.21277225097656e-05,273025872,159,167186694144.0,2191807744.0,3057022.25,9900.181640625,2.6849644864
510,1,631739427,False,0.16566427052021,8460,6180,5470,4.84587789555351e-05,0.000423695979407057,0.127115055918694,300.014770507812,8.84687702636719e-06,273025872,606826655,2020471168.0,17045100.0,2166688.75,7221.9404296875,0.0208802475
511,3,631740358,False,0.0946233049035072,8470,4830,5710,2.64497972911702e-05,0.000117234222099891,0.0249080414101535,212.463911680416,4.82880726776123e-06,273025872,397,815949472.0,33624000.0,837507.984375,3941.88348388672,0.0411894
512,2,631738339,False,0.222420677542686,4700,2790,5700,0.000528079949065545,0.00139145087450743,0.384330898523331,276.208740234375,9.640891640625e-05,273025872,19,5037036032.0,56560500.0,21737948.0,78701.15625,0.0692866125
513,3,631740253,False,0.260248601436615,8880,2260,9460,0.000166309255902385,0.000186145318529321,0.0783087372720077,420.686041909095,3.03622494628906e-05,273025872,312782590,28994705408.0,133151400.0,10426918.0,24785.509765625,0.163110465
514,2,631738947,True,0.998563170433044,6330,800,6190,0.0404497067104073,0.247237258038039,460.973814371715,1864.49978465945,0.0073847007442749,273025872,879,19038986724.0,24382761.6679688,11239814651.0,6028327.13818359,0.0298688830432617
515,1,631739803,False,0.0,0,0,0,0.0,0.0,0.0,0.0,0.0,273025872,380,35753112.0,10040400.0,0.0,0.0,0.01229949
516,3,631740685,False,0.0228994805365801,9990,2500,9460,8.44532110169058e-07,3.81701031816695e-06,0.00221815654360075,581.124062736614,1.54182005500793e-07,273025872,869,5804299776.0,32974200.0,73141.9375,125.862861633301,0.040393395
517,3,631740828,False,0.231154218316078,5420,2420,7730,0.000209150328549241,0.000472852209595098,0.133638219892111,282.621540473598,3.81835299316406e-05,273025872,1026,2495497088.0,65919600.0,8809378.0,31170.228515625,0.08075151
518,2,631739907,False,0.167955085635185,7650,1050,8500,5.14955308595321e-05,0.000116576753498521,0.0570133030414581,489.062377929688,9.401281640625e-06,273025872,312782612,17973213184.0,65832300.0,3753316.75,7674.515625,0.0806445675
519,2,631738920,False,0.0567638538777828,8360,2090,6830,4.07070049229847e-06,1.16943215289211e-06,0.0003984980576206,340.761993408203,7.43167439270019e-07,273025872,842,72222826496.0,518770816.0,206729.15625,606.667297363281,0.6354942496
520,1,631739251,False,0.595232963562012,5880,5990,4730,0.0253191484480323,0.0014748322802717,0.551408184648935,373.878570482164,0.00462239036063232,273025872,290,343660807488.0,2558514576.0,1410785877.75,3773379.88623047,3.1341803556
521,2,631739279,False,0.242078065872192,7440,4250,8080,0.00105794463703322,0.000859973893966526,0.260781615972519,303.24365234375,0.000193143663671875,273025872,484682524,9569478656.0,183340800.0,47811912.0,157668.296875,0.22459248
522,3,631740544,False,0.546829104423523,5910,4780,10480,0.0843084968523899,0.00594187813180098,2.81244378640055,473.325726986612,0.0153917808084961,273025872,677,453789904896.0,2114603960.0,5947204768.0,12564719.0273438,2.590389851
523,3,631740565,False,0.666020572185516,8030,4650,6930,0.0123803377196195,0.00307970987450713,1.05653438379025,343.062959448198,0.0022602163676239,273025872,697,14538089472.0,599106624.0,632976747.8125,1845074.58581543,0.7339056144
524,1,631739599,False,0.146110489964485,4470,5180,1760,8.4192263647638e-05,0.000112213776446879,0.0270045250654221,240.652496337891,1.53705606933594e-05,273025872,704,11095859200.0,111816896.0,3019562.25,12547.396484375,0.1369756976
525,3,631740385,False,0.465403407812119,3700,4250,7450,0.0114123538107485,0.00392986324839646,1.13113203571231,287.829871986984,0.002083496384375,273025872,440,14399133184.0,432792000.0,489544896.0,1700813.375,0.5301702
526,3,631740777,False,0.399499446153641,8100,1700,6650,0.00145575953264409,0.000176551943867701,0.0429016780550015,242.997483432694,0.000265770740469575,273025872,971,28363956224.0,1228849152.0,52719690.6972656,216955.706505775,1.5053402112
527,1,631739714,False,0.114895842969418,8940,6350,2780,6.91369676769377e-06,1.8238342818222e-06,0.000669738336000592,367.214447021484,1.26219905700684e-06,273025872,543,81430372352.0,564945280.0,378365.5,1030.36657714844,0.692057968
528,3,631740493,True,0.998563170433044,6330,800,6190,0.0313563932435472,0.295886022951852,615.039050515868,2078.63502432472,0.0057245799625,273025872,610,15298300928.0,15793671.0,9713724416.0,4673126.5,0.019347246975
529,2,631739166,False,0.159102261066437,6270,1440,7770,0.000251422642137664,0.000149960513226688,0.0608339905738831,405.666748046875,4.59009749023437e-05,273025872,1128,53859459072.0,249867008.0,15200407.0,37470.18359375,0.3060870848
530,1,631739371,False,0.126567542552948,8020,3360,550,7.57562912674161e-05,1.37987807410173e-05,0.00394551987654342,285.932500167587,1.38304473876953e-05,273025872,1018,167888706688.0,818199908.0,3228224.0,11290.1611328125,1.0022948873
531,2,631738855,False,0.133260399103165,8770,6480,7160,0.000406694427297754,4.77769748733987e-05,0.0131185580538179,274.579085188628,7.42481685086101e-05,273025872,752,4902160056.0,1268618408.0,16642444.23349,60610.749802947,1.5540575498
532,2,631739076,False,0.434559255838394,6980,2850,10570,0.00739689369470857,0.00201652784582754,0.737094196477295,365.526416112944,0.00135041390444946,273025872,1011,118377745920.0,546671696.0,402948534.5,1102378.69750977,0.6696728276
533,2,631739212,False,0.111021108925343,8340,2080,6820,9.19897290713151e-05,1.41275892874719e-05,0.00431771802637223,305.623127804339,1.67941049758911e-05,273025872,302,111690340352.0,970404304.0,4189932.15625,13709.473449707,1.1887452724
534,3,631740635,False,0.655005216598511,7920,4710,7020,0.0389745341579267,0.0268002046919147,12.9707184255357,483.978334294171,0.00711538586582031,273025872,804,38766088192.0,216732608.0,2811177632.0,5808478.2578125,0.2654974448
535,1,631739520,False,0.143359139561653,9880,1330,4580,0.000102315677537946,9.38021694310009e-05,0.0306940358132124,327.220947265625,1.86792617675781e-05,273025872,834,19005782016.0,162558896.0,4989588.5,15248.376953125,0.1991346476
536,3,631740610,False,0.530437529087067,6150,980,6320,0.0205197295435777,0.000751297012956569,0.290446925118606,386.59401023786,0.00374618444375,273025872,767,421553909296.0,4070440448.0,1182246912.0,3058109.75,4.9862895488
537,2,631738944,False,0.0398302786052227,9330,3800,7920,6.16832797309033e-06,4.56359921372496e-05,0.0163597818464041,358.484222412109,1.12612080230713e-06,273025872,874,992301312.0,20143800.0,329548.1875,919.282287597656,0.024676155
538,1,631739559,False,0.0,0,0,0,0.0,0.0,0.0,0.0,0.0,273025872,774,58966659072.0,329958912.0,0.0,0.0,0.4041996672
539,1,631739768,False,0.265354365110397,9390,640,5020,0.000728265576465861,0.000289460003841668,0.0987513512372971,341.157165527344,0.000132955805664062,273025872,442,43822321664.0,374958016.0,37027612.0,108535.3515625,0.4593235696
540,1,631739473,False,0.0,0,0,0,0.0,0.0,0.0,0.0,0.0,273025872,902,17415907328.0,109265400.0,0.0,0.0,0.133850115
541,2,631738879,False,0.242454364895821,7830,4190,9860,0.000713898496451506,0.00263409968465567,0.827260971069336,314.058319091797,0.0001303328796875,273025872,786,5071550464.0,40391100.0,33413980.0,106394.1875,0.0494790975
542,1,631739506,False,0.0,0,0,0,0.0,0.0,0.0,0.0,0.0,273025872,850,119357840.0,38280600.0,0.0,0.0,0.046893735
543,1,631739322,False,0.0,0,0,0,0.0,0.0,0.0,0.0,0.0,273025872,1086,15728246784.0,68735696.0,0.0,0.0,0.0842012276
544,3,631740273,False,0.121204495429993,5460,5160,6260,4.84000932009402e-05,0.00103334971290148,0.391334379118675,378.704686547859,8.83616306152344e-06,273025872,287,890749856.0,6980400.0,2731670.5,7213.1943359375,0.00855099
545,1,631739961,False,0.108967080712318,10420,3970,5110,7.86030680265699e-05,0.000127936727949418,0.0812924429774284,635.411315917969,1.43501691894531e-05,273025872,162,15022911488.0,91564200.0,7443477.5,11714.423828125,0.112166145
546,2,631738369,False,0.413331985473633,6950,4110,5760,0.00965210031436992,0.0181203912943602,7.22814130783081,398.895446777344,0.001762135703125,273025872,59,14420035584.0,79384496.0,573802368.0,1438478.125,0.0972460076
547,2,631738383,False,0.682534039020538,3520,3260,6540,0.0580941543802701,0.0413638912141323,12.1304225921631,293.261138916016,0.01060595935,273025872,84,19077371904.0,209311200.0,2539033344.0,8657926.0,0.25640622
548,3,631740538,False,0.0612936988472939,6860,570,7680,8.22640555711618e-06,3.21481303008048e-06,0.00128036608201548,398.270776569369,1.50185373840332e-06,273025872,670,73207898112.0,381360608.0,488281.1875,1226.00305175781,0.4671667448
549,2,631738783,False,0.313766777515411,8190,6750,9190,0.00291304070824764,0.000802397611550987,0.258012741804123,321.552215576172,0.0005318192796875,273025872,655,93829234688.0,541051200.0,139598096.0,434138.1875,0.66278772
550,2,631739095,False,0.324550688266754,9240,2270,7600,0.0015584869968913,0.000476009299745783,0.151181861758232,317.602752685547,0.000284525180078125,273025872,1037,55696199680.0,487943104.0,73768144.0,232265.453125,0.5977303024
551,1,631739622,False,0.0179916191846132,8220,5650,5160,2.9176680990002e-06,3.04418135783635e-05,0.0107726333662868,353.876190185547,5.32664079284668e-07,273025872,673,358609184.0,14283900.0,153875.21875,434.827819824219,0.0174977775
552,3,631740860,False,0.198393315076828,9020,3490,3300,0.000266278820344149,0.000254743783232633,0.0769321458679632,301.998128832485,4.86131930908203e-05,273025872,1072,20129002496.0,155780992.0,11984566.0,39684.2392578125,0.1908317152
553,1,631739677,False,0.0,0,0,0,0.0,0.0,0.0,0.0,0.0,273025872,600,27161397248.0,147310208.0,0.0,0.0,0.1804550048
554,3,631740712,False,0.00495778862386942,7970,1550,9720,3.30723679367325e-07,2.74768176080942e-07,7.9026745588209e-05,287.612440113622,6.03785688400268e-08,273025872,905,34373380096.0,179382592.0,14176.0224609375,49.2886276245117,0.2197436752
555,2,631739265,False,0.260248601436615,8880,2260,9460,0.000166309255902385,0.00037229064037092,0.156617477536201,420.68603515625,3.03622494628906e-05,273025872,312782590,16218976256.0,66575700.0,10426918.0,24785.509765625,0.0815552325
556,3,631740452,False,0.455506205558777,3430,3820,5790,0.0161503713892832,0.018973081502811,8.6850601628345,457.756962755247,0.00294849256813202,273025872,556,15682148864.0,126860400.0,1101790206.28125,2406932.7086792,0.15540399
557,1,631739513,False,0.0729311108589172,9940,1410,5150,1.14077356756489e-05,3.27721818393911e-06,0.000983540783636272,300.114532470703,2.08265327453613e-06,273025872,842,75909545984.0,518770816.0,510232.25,1700.12512207031,0.6354942496
558,3,631740804,False,0.320197492837906,5680,5740,8090,0.00382427053942243,0.0014779820485692,0.573724082544179,388.18068399382,0.0006981779546875,273025872,998,67670474752.0,385621184.0,221240160.0,569941.1875,0.4723859504
559,3,631740382,False,0.62338650226593,6230,680,6040,0.0168078856549324,0.00288516915726639,1.20269965186034,416.855853609591,0.00306853166066917,273025872,434,120681073664.0,868206912.0,1044192150.80515,2504923.8046279,1.0635534672
560,1,631739415,False,0.0,0,0,0,0.0,0.0,0.0,0.0,0.0,273025872,965,40003682304.0,301475712.0,0.0,0.0,0.3693077472
561,3,631740962,False,0.126163989305496,8240,5400,5570,4.32957226090149e-05,8.92384648636308e-05,0.0258836974110032,290.050904064265,7.90428363952637e-06,273025872,607344834,14418682880.0,72306000.0,1871546.625,6452.47644042969,0.08857485
562,1,631739376,False,0.099843755364418,7110,2990,1610,5.91301970512601e-05,1.61199678952305e-05,0.00464525478652182,288.167744297818,1.07951044812202e-05,273025872,1011,100711901440.0,546671696.0,2539429.3125,8812.33018875122,0.6696728276
563,1,631739496,False,0.0810358598828316,10570,6930,3790,1.2545784559166e-05,1.46211787068751e-05,0.00411434285342693,281.396118164062,2.29042117004394e-06,273025872,866,886663680.0,127878304.0,526135.1875,1869.73156738281,0.1566509224
564,3,631740208,False,0.14105412364006,11940,6280,6540,1.37454343184342e-05,3.7133446349363e-05,0.0103748998484585,279.395016310853,2.50943522949219e-06,273025872,203,5060919808.0,55166400.0,572345.875,2048.5185546875,0.06757884
565,2,631739248,False,0.234238639473915,7030,600,8190,0.00240721080187187,0.000553952788221393,0.237174567785501,428.149425056619,0.000439472442346191,273025872,312782546,149338194048.0,647623808.0,153599896.75,358753.014160156,0.7933391648
566,3,631740840,False,0.216873914003372,8400,4460,7690,0.000728039577991866,0.00197169651260697,0.655360480995682,332.384054445158,0.000132914546252441,273025872,1044,5280241408.0,55029600.0,36064225.125,108501.670410156,0.06741126
567,2,631738625,False,0.666643142700195,7830,4430,6780,0.0079194263443169,0.0194398425519466,9.34984874725342,480.963195800781,0.001445810078125,273025872,422,9053746176.0,60713100.0,567658304.0,1180253.125,0.0743735475
568,1,631739444,False,0.0702358931303024,3520,2040,5690,4.6999553998035e-05,2.56918083323399e-05,0.0069957934319973,272.296661376953,8.58047362060547e-06,273025872,935,26235039744.0,272634304.0,1907293.25,7004.46826171875,0.3339770224
569,2,631739059,True,0.453150570392609,6230,1010,6340,0.000439504271221456,0.201847585692956,237.82770612596,1178.25390533893,8.02380976959228e-05,273025872,993,177824094.0625,324504.688476562,77176205.6875,65500.4879150391,0.000397518243383789
570,3,631740258,False,0.0,0,0,0,0.0,0.0,0.0,0.0,0.0,273025872,312782582,18913375744.0,105526800.0,0.0,0.0,0.12927033
571,2,631738668,False,0.529391765594482,8000,5980,5730,0.00226697428966273,0.00138999231526894,0.585139374543047,420.965906153108,0.000413870163360596,273025872,491,39253120000.0,243061196.0,142224676.203125,337853.194580078,0.2977499651
572,2,631738774,False,0.104616060853004,9940,6760,6130,4.08477260693763e-05,8.75854602782056e-05,0.0205093901604414,234.164321899414,7.45736514892578e-06,273025872,642,2624885504.0,69505200.0,1425509.25,6087.64501953125,0.08514387
573,2,631738733,False,0.547727227210999,4530,6430,5780,0.0177118214159832,0.00792757421731949,2.54037880897522,320.448425292969,0.00323355869375,273025872,596,39397343232.0,332969408.0,845868416.0,2639639.75,0.4078875248
574,2,631739091,False,0.407841086387634,5600,680,7210,0.00203324379549196,0.00224779755808413,0.71710205078125,319.024322509766,0.00037119915546875,273025872,1030,15527500800.0,134807392.0,96670656.0,303019.71875,0.1651390552
575,3,631740234,False,0.430610001087189,8060,4130,10470,0.000913453232331903,0.00048354123996605,0.197570904134414,408.591631498248,0.000166764590234375,273025872,234,58467473408.0,281536192.0,55623360.0,136134.359375,0.3448818352
576,3,631740283,False,0.234238639473915,7030,600,8190,0.00246273158837696,0.000283364678523683,0.120523965125754,425.331645968293,0.000449608594787598,273025872,312782546,286534927360.0,1295247616.0,156108378.5,367027.424316406,1.5866783296
577,2,631738423,False,0.057730957865715,12030,6710,6990,1.05021765094997e-05,0.000158964787260629,0.0678706914186478,426.954254150391,1.91732986450195e-06,273025872,143,640895104.0,9846000.0,668254.8125,1565.16723632812,0.01206135
578,3,631740748,False,0.463184386491776,6210,5520,6040,0.0132729923963294,0.00280822827730272,1.03473656333739,368.465972549513,0.00242318386953125,273025872,157,62820845824.0,704397608.0,728865960.125,1978109.28125,0.8628870698
579,3,631740215,False,0.417174994945526,6020,1290,5860,0.00138822722515097,0.000380396759099257,0.126624262223167,332.87418779014,0.0002534417046875,273025872,211,73238607872.0,543882624.0,68868736.0,206891.1875,0.6662562144
580,2,631738720,False,0.544111371040344,4230,4320,8320,0.0156312555667789,0.00595389492809772,1.8681663274765,313.772125244141,0.0028537201875,273025872,579,28540456960.0,391267808.0,730953344.0,2329567.5,0.4793030648
581,1,631739463,False,0.0,0,0,0,0.0,0.0,0.0,0.0,0.0,273025872,912,11651721216.0,54732600.0,0.0,0.0,0.067047435
582,2,631738553,False,0.493206113576889,3430,4270,9140,0.019038002255583,0.00474428944289684,1.51962101459503,320.305297851562,0.0034756729,273025872,320,52877094912.0,598041920.0,908797056.0,2837284.0,0.732601352
583,1,631739623,False,0.327495187520981,5490,2880,4390,0.00105540869950372,1.34339215946966e-05,0.00514217093586922,382.775115966797,0.000192680690234375,273025872,672,1912065359872.0,11708446720.0,60206836.0,157290.359375,14.342847232
584,2,631739023,False,0.492621660232544,6100,660,6050,0.00640994045850251,0.000558032945264131,0.193947866559029,347.556304931641,0.0011702307859375,273025872,962,148577493695.5,1711889024.0,332017216.0,955290.4375,2.0970640544
585,2,631739159,False,0.676899969577789,8970,5280,6540,0.113960855488368,0.0109017398029661,3.94988030145535,362.316508451309,0.0208052636912353,273025872,1117,145098634752.0,1557906264.0,6153543263.6875,16983888.7275391,1.9084351734
586,3,631740374,False,0.124409325420856,6500,2230,5280,4.21171970348042e-05,1.46539705038699e-05,0.0069136338451011,471.792531810767,7.68912611694336e-06,273025872,423,133174243328.0,428336992.0,2961365.125,6276.83764648438,0.5247128152
587,3,631740815,False,0.434559255838394,6980,2850,10570,0.00745602389175983,0.00101632390686138,0.370869725631908,364.912921095431,0.00136120900893068,273025872,1011,219089647360.0,1093343392.0,405487963.8125,1111191.02769852,1.3393456552
588,3,631740128,False,0.0,0,0,0,0.0,0.0,0.0,0.0,0.0,273025872,91,68605849600.0,773886592.0,0.0,0.0,0.9480110752
589,2,631738933,False,0.521530270576477,6600,4630,9900,0.0128820627594476,0.00797808542847633,2.88204717636108,361.245452880859,0.0023518138,273025872,857,45579485184.0,240640192.0,693536384.0,1919848.0,0.2947842352
590,3,631740335,False,0.653720557689667,6890,3900,6150,0.0243880432831363,0.00291924972482734,1.22217959442831,418.66222818625,0.0044524031453125,273025872,362,212519133184.0,1245051008.0,1521675936.0,3634614.8125,1.5251874848
591,2,631739049,False,0.0443058684468269,10490,3620,7210,8.89881072850003e-06,1.07412483885128e-06,0.000712280045263469,663.125915527344,1.62461138916016e-06,273025872,984,301072416768.0,1234691968.0,879446.4375,1326.21337890625,1.5124976608
592,1,631739526,False,0.529114842414856,4830,6860,5060,0.0043321557552867,0.000949561041830399,0.332896272414581,350.579117876278,0.000790900019607544,273025872,826,80125848576.0,679927504.0,226345331.59375,645632.669067383,0.8329111924
593,1,631739590,False,0.0,0,0,0,0.0,0.0,0.0,0.0,0.0,273025872,723,100786581696.0,1227655804.0,0.0,0.0,1.5038783599
594,1,631739826,False,0.352853059768677,8140,5140,5620,0.00139001353672702,0.000252553957976251,0.0976934803127725,386.822210570776,0.000253767822662091,273025872,348,94179487072.0,820250088.0,80133085.8235779,207157.406254768,1.0048063578
595,1,631739863,False,0.0873264074325562,6750,5800,3210,2.00181263318967e-06,1.94382187146402e-06,0.000825393653940409,424.624114990234,3.65460925292969e-07,273025872,301,10091546624.0,153478800.0,126680.4296875,298.33544921875,0.18801153
596,3,631740284,False,0.331113964319229,6640,5630,9190,0.00365910371614293,0.00078730485224794,0.363925080763559,462.241633243422,0.0006680242734375,273025872,303,179039821824.0,692649024.0,252072352.0,545325.9375,0.8484950544
597,2,631738638,False,0.0935588553547859,7970,1150,7100,3.03877700811242e-05,0.000425968581112102,0.122934266924858,288.599395751953,5.54774327392578e-06,273025872,441,909348032.0,10631700.0,1307000.25,4528.77001953125,0.0130238325
598,1,631739704,False,0.222583517432213,4540,5220,5560,0.000950694756131668,0.000758378708269447,0.297110259532928,391.770294189453,0.0001735635890625,273025872,564,23310510080.0,186825600.0,55507804.0,141684.5625,0.22886136
599,2,631738335,False,0.376775413751602,8330,2890,6990,0.00760454820325029,0.00123607227578759,0.473596215248108,383.146057128906,0.00138832435,273025872,10,139371659264.0,916876800.0,434229376.0,1133326.0,1.12317408
600,3,631740403,False,0.334118068218231,8690,5310,3560,0.00121921358866329,0.000144969951044454,0.0559348697391208,385.837681092745,0.000222585729980469,273025872,466,97656946688.0,1253381376.0,70107724.0,181702.63671875,1.5353921856
601,3,631740154,False,0.349631726741791,6100,4890,6300,0.0017261530889327,0.000696107017625818,0.30306366980524,435.36936438148,0.000315135140332031,273025872,127,76273029120.0,369559808.0,112000151.625,257253.17578125,0.4527107648
602,3,631740947,False,0.379709005355835,6140,6860,5460,0.000687165130115071,0.00172994612977293,0.56260337272629,325.214388496673,0.000125452302636719,273025872,286,6172472576.0,59198400.0,33305219.5,102410.04296875,0.07251804
603,2,631738693,False,0.521151840686798,9040,4000,10570,0.0182083485064719,0.0272536594420671,10.4793434143066,384.511444091797,0.0033242071625,273025872,540,17808674816.0,99569696.0,1043425024.0,2713638.5,0.1219728776
604,1,631739756,False,0.0,0,0,0,0.0,0.0,0.0,0.0,0.0,273025872,461,1390841344.0,15149700.0,0.0,0.0,0.0185583825
605,1,631739637,False,0.0,0,0,0,0.0,0.0,0.0,0.0,0.0,273025872,654,53416226816.0,246657600.0,0.0,0.0,0.30215556
606,2,631738582,False,0.253535091876984,5190,1800,9280,0.0021621988334665,0.000237186483577867,0.0797866504281876,336.387846493765,0.000394741832099914,273025872,353,219469194688.0,1358585976.0,108397024.34375,322238.230285645,1.6642678206
607,1,631739311,False,0.376807451248169,6390,6030,4840,0.00164667095814562,0.000128609005913053,0.0466786540457984,362.950119351329,0.000300624485048866,273025872,1099,126445950768.0,1908169192.0,89070769.5742188,245407.742897034,2.3375072602
608,2,631739037,False,0.0693415030837059,5280,2620,8940,3.01010360939802e-06,8.19089279957552e-07,0.000300062645692378,366.3369140625,5.49539568328857e-07,273025872,974,91003674624.0,547686016.0,164340.109375,448.603729248047,0.6709153696
609,1,631739889,False,0.373895436525345,6220,7220,3660,0.000527319629114992,0.00156624685041606,0.400440543889999,255.668853759766,9.627010859375e-05,273025872,260,7669207552.0,50175900.0,20092464.0,78587.84375,0.0614654775
610,3,631740873,False,0.564376652240753,9530,3220,9560,0.0504262811287388,0.000195824778530034,0.0742431698511273,379.130620794959,0.0092060740625,273025872,1089,7809487974144.0,38376974336.0,2849228224.0,7515162.5,47.0117935616
611,2,631738932,False,0.971578299999237,6370,5280,6900,0.371617774076245,0.00979379563045641,6.55044364156672,668.836055879742,0.0678443992796753,273025872,856,986980459816.0,5654925340.0,37042269736.9375,55383183.0854492,6.9272835415
612,3,631740297,False,0.493206113576889,3430,4270,9140,0.0192311793780226,0.00239621471620146,0.767220312081133,320.180118623656,0.00351094028154297,273025872,320,108433178624.0,1196083840.0,917659817.0,2866073.69921875,1.465202704
613,3,631740149,False,0.186123117804527,8930,2270,9190,0.000235520689812759,0.0010198824220566,0.34089220130172,334.246569927451,4.29978349609375e-05,273025872,121,3449342848.0,34416000.0,11732146.0,35100.2734375,0.0421596
614,1,631739711,False,0.603384673595428,7030,5450,5660,0.110216630896283,0.0018003648146987,0.892282247543335,495.611907958984,0.020121699325,273025872,549,1472117893632.0,9123638272.0,8140860416.0,16425877.0,11.1764568832
615,3,631740618,False,0.154673844575882,8770,1740,8910,0.000189084374244724,2.01655629199556e-05,0.00844288489785697,418.678364267332,3.45201889648437e-05,273025872,778,301259702272.0,1397419264.0,11798250.0,28179.74609375,1.7118385984
616,2,631739117,False,0.676899969577789,8970,5280,6540,0.152537212822355,0.00105964408334594,0.400094985864464,377.574878350778,0.0278479564048122,273025872,1065,1361330491040.0,21453454036.0,8583419389.27734,22733025.6365814,26.2804811941
617,1,631739440,False,0.0,0,0,0,0.0,0.0,0.0,0.0,0.0,273025872,939,689391104.0,9543600.0,0.0,0.0,0.01169091
618,2,631739071,False,0.0138239851221442,10330,4220,8750,1.41795160490292e-06,8.24435559820813e-08,4.3149120756425e-05,523.377746582031,2.58868336105347e-07,273025872,1007,475975843840.0,2563221504.0,110600.75,211.321090698242,3.1399463424
619,3,631740354,False,0.328787624835968,6080,6550,7050,0.00222917339514921,0.00786292589010364,2.90727170283115,369.744258494191,0.000406969043017578,273025872,390,4993776896.0,42251400.0,122836299.625,332219.626953125,0.051757965
620,3,631740481,False,0.497764855623245,3720,4650,5800,0.0137552286537266,0.00314880836285925,1.0955208748366,347.916020472527,0.00251122333232422,273025872,597,55032858624.0,651033024.0,713220268.0,2049978.23046875,0.7975154544
621,2,631738394,False,0.958819925785065,4000,5060,9330,0.253056863166387,0.0225009869864636,10.2511588471289,455.587075060128,0.0461993264660156,273025872,104,182538222080.0,1676092516.0,17181890624.0,37713735.890625,2.0532133321
622,2,631738979,False,0.253609269857407,9060,2800,7790,0.000359960569199247,0.000593761506024748,0.197198644280434,332.117584228516,6.57162016601562e-05,273025872,916,1707307520.0,90349200.0,17816740.0,53645.87890625,0.11067777
623,1,631739686,False,0.142924919724464,3740,5100,5650,0.000297212087488529,6.8308067335096e-05,0.0223974224454187,327.888393263194,5.42605250366211e-05,273025872,589,68450850816.0,648449120.0,14523588.875,44294.3061523438,0.794350172
624,1,631739388,False,0.219221711158752,4480,5020,1690,0.000403717260186999,0.000290949246846139,0.0690199136734009,237.223190307617,7.37046419921875e-05,273025872,996,16078431232.0,206795696.0,14273021.0,60167.0546875,0.2533247276
625,3,631740448,True,1.0,7270,4930,6090,0.670904620043777,0.675333683544943,3145.53172918261,4657.74446888414,0.1224837026,273025872,549,497237164032.0,148055248.0,465712480256.0,99986696.0,0.1813676788
626,2,631738583,False,0.449844926595688,10590,6700,6070,0.00686890908542171,7.34651839593425e-05,0.0293233674019575,399.146453857422,0.00125402239375,273025872,354,790763785504.0,13934380032.0,408602944.0,1023691.75,17.0696155392
627,3,631740188,False,0.609659492969513,2170,2460,5930,0.0944633918643865,0.0298613051279587,14.8827739471796,498.396633482878,0.0172457092260742,273025872,171,43834470400.0,471450592.0,7016492588.0,14078129.9804688,0.5775269752
628,2,631738679,False,0.37716019153595,5540,6570,6160,0.00477939217773724,0.00389463291503489,1.44901406764984,372.054077148438,0.0008725497375,273025872,515,29285662720.0,182888992.0,265008720.0,712285.5,0.2240390152
629,2,631738863,False,0.0,0,0,0,0.0,0.0,0.0,0.0,0.0,273025872,763,261665600.0,3898800.0,0.0,0.0,0.00477603
630,1,631739409,False,0.0063229096122086,7800,1600,5100,6.32428902825713e-08,1.53399728475279e-08,4.86096632812405e-06,316.882354736328,1.15459383249283e-08,273025872,971,16168279040.0,614424576.0,2986.697265625,9.42525577545166,0.7526701056
631,1,631738462,False,0.0,0,0,0,0.0,0.0,0.0,0.0,0.0,273025872,312782648,14422534144.0,81117904.0,0.0,0.0,0.0993694324
632,1,631739182,False,0.164666250348091,9760,2100,3690,6.55358158813502e-05,6.64486651658081e-05,0.0233547519892454,351.470611572266,1.19645462890625e-05,273025872,484682508,21424068608.0,146985296.0,3432805.25,9766.9765625,0.1800569876
633,3,631740107,False,0.661996483802795,7100,4600,6220,0.0441516331746423,0.00457290642567638,1.93662442912571,423.499684632026,0.00806054295275879,273025872,51,234305576640.0,1438917496.0,2786642774.25,6580035.06347656,1.7626739326
634,3,631740781,False,0.367990761995316,8720,3850,5750,0.00273872399212691,0.0178140599631419,6.81183718717539,382.385441683108,0.000499995148242187,273025872,975,3224714112.0,22912200.0,156074176.0,408159.3046875,0.028067445
635,2,631739024,False,0.0,0,0,0,0.0,0.0,0.0,0.0,0.0,273025872,963,152503648.0,25594200.0,0.0,0.0,0.031352895
636,2,631738477,False,0.0,0,0,0,0.0,0.0,0.0,0.0,0.0,273025872,217,10431768576.0,159162304.0,0.0,0.0,0.1949738224
637,2,631738880,False,0.382280796766281,7820,7080,9510,0.00493667146785071,0.00137204478960484,0.521736085414886,380.261749267578,0.00090126343125,273025872,788,101047885824.0,536225408.0,279768160.0,735725.25,0.6568761248
638,2,631738792,False,0.180241912603378,2100,2400,6510,0.000787150951742761,0.00112073333002627,0.34517827630043,307.993225097656,0.000143706214257812,273025872,667,3391790336.0,104673600.0,36131052.0,117311.1953125,0.12822516
639,2,631739042,False,0.113935701549053,11910,6790,6860,0.000180233768267639,8.43450397951528e-05,0.0268177073448896,317.952392578125,3.29043780761719e-05,273025872,978,11858296832.0,318462304.0,8540429.0,26860.716796875,0.3901163224
640,3,631740631,False,0.0226018838584423,10690,5070,6230,1.49941066848286e-06,2.29766400690804e-06,0.00113455845949547,493.787801908534,2.73739910125732e-07,273025872,798,495838240.0,97255800.0,110342.390625,223.461151123047,0.119138355
641,2,631739073,True,1.0,6860,5320,6170,0.0353975579445287,0.221170619130135,655.473876953125,2963.6572265625,0.0064623552,273025872,1009,20650102784.0,23852138.0,15634453504.0,5275392.0,0.02921886905
642,1,631739425,False,0.0,0,0,0,0.0,0.0,0.0,0.0,0.0,273025872,955,9040098304.0,230786096.0,0.0,0.0,0.2827129676
643,2,631739143,False,0.0395805425941944,13160,5830,6440,9.00539243971531e-06,2.69863926405378e-06,0.000797996006440371,295.703094482422,1.64406947937012e-06,273025872,1098,25176467456.0,497323808.0,396862.40625,1342.09753417969,0.6092216648
644,3,631740501,False,0.373895436525345,6220,7220,3660,0.00167181570237271,0.000866530069443173,0.268275937474064,309.597955032831,0.000305215035302734,273025872,619,54476008448.0,287532008.0,77137919.0,249155.130859375,0.3522267098
645,2,631738983,False,0.099143847823143,10470,3190,6610,6.39699133797674e-05,5.19333426367145e-06,0.00339005197761932,652.769840241846,1.16786672973633e-05,273025872,920,440691097600.0,1835738944.0,6223250.4375,9533.60595703125,2.2487802064
646,1,631739564,False,0.0,0,0,0,0.0,0.0,0.0,0.0,0.0,273025872,767,209108221952.0,2035374336.0,0.0,0.0,2.4933335616
647,3,631740255,False,0.18984679877758,9420,2360,9730,5.73117635535349e-05,0.000165753113089555,0.0953288156117554,575.125340543378,1.04631221679687e-05,273025872,312782586,11316902400.0,51530400.0,4912332.0,8541.32421875,0.06312474
648,3,631740378,False,0.0303574502468109,13160,5180,6980,1.91490758023693e-06,1.88644590868733e-07,6.46428165181734e-05,342.669865170714,3.49595104217529e-07,273025872,429,98176471040.0,1512811776.0,97792.4140625,285.383758544922,1.8531944256
649,3,631740865,False,0.134214475750923,8410,4030,7980,0.000203008683477063,0.000121603583171205,0.0328882994586808,270.45501950693,3.70622804931641e-05,273025872,1079,29495524352.0,248799600.0,8182595.75,30254.9228515625,0.30477951
650,3,631740905,True,1.0,7270,4930,6090,0.904274898667671,0.587500812120587,2408.47616751495,4099.52823524029,0.165088947740186,273025872,1129,613244362072.0,229389449.632812,552479022520.0,134766487.951172,0.281002075800195
651,2,631739090,False,0.367826014757156,9250,3430,5860,0.00152421315325154,0.0119869513437152,4.24758100509644,354.350402832031,0.00027826797578125,273025872,614454277,3029495296.0,18950400.0,80493360.0,227157.53125,0.02321424
652,3,631740223,False,0.0701839551329613,11420,6920,5720,4.76551949702885e-06,1.97332115689513e-05,0.00760192825984274,385.235228096566,8.70017071533203e-07,273025872,222,722920032.0,35991000.0,273601.0,710.218017578125,0.044088975
653,2,631738952,True,0.295591294765472,6490,1050,6090,4.86240865564778e-05,0.224243307841006,446.599782226511,1991.58577585362,8.8770564086914e-06,273025872,886,22237448.0,32315.6875,14432179.0,7246.57666015625,3.95867171875e-05
654,2,631738508,False,0.253608971834183,6380,3800,6600,0.000797306706360835,0.000635352334938943,0.274356096982956,431.817230224609,0.000145560299609375,273025872,255,36888707072.0,187021792.0,51310568.0,118824.734375,0.2291016952
655,3,631740942,False,0.603384673595428,7030,5450,5660,0.0323231763362828,0.0611311101557965,34.5732379115137,565.55880996438,0.00590108071875,273025872,560581559,24442241000.0,78801264.0,2724414848.0,4817208.75,0.0965315484
656,2,631739123,False,0.170674264431,8260,1280,9500,0.000150492960141131,0.000422766694100574,0.15770697593689,373.035461425781,2.74747474121094e-05,273025872,1074,10251810816.0,53051400.0,8366575.5,22428.365234375,0.064987965
657,1,631740063,False,0.332351386547089,9570,1560,5130,0.00157918715836914,0.000256687111686915,0.0964197665452957,375.631530761719,0.000288304305078125,273025872,10,147927269376.0,916876800.0,88405048.0,235350.453125,1.12317408
658,2,631738548,False,0.392340809106827,4980,4770,9200,0.0131476111072744,0.00999287236481905,3.3250150680542,332.738677978516,0.002400293634375,273025872,314,35877879808.0,196082096.0,651975936.0,1959423.375,0.2402005676
659,2,631739045,False,0.299152761697769,6830,1020,8970,0.00363655664398543,0.00143462559208274,0.515966415405273,359.652313232422,0.0006639079671875,273025872,981,46644432896.0,377775008.0,194919216.0,541965.6875,0.4627743848
660,3,631740812,True,1.0,6860,5320,6170,0.0353975579445287,0.221170613720246,655.473882634756,2963.65720386277,0.0064623552,273025872,1009,20650102784.0,23852138.0,15634453504.0,5275392.0,0.02921886905
661,2,631738565,False,0.517895042896271,4180,3960,6010,0.000492254484478707,0.00440660212188959,1.69533789157867,384.726806640625,8.98684404296875e-05,273025872,333,2602567168.0,16648200.0,28224324.0,73361.9921875,0.020394045
662,2,631738682,False,0.512004852294922,5670,6440,6570,0.0260138694444073,0.0155083779245615,5.68300771713257,366.447601318359,0.0047492221,273025872,523,43233177600.0,249988496.0,1420686592.0,3876916.0,0.3062359076
663,1,631739749,False,0.198393315076828,9020,3490,3300,0.00012640592424484,5.9818443194523e-05,0.0184424501111041,308.307089355891,2.30772976806641e-05,273025872,475,39658326016.0,314929800.0,5808077.125,18838.6103515625,0.385789005
664,3,631740938,False,0.253008544445038,6770,2750,5060,0.000416052853780794,0.000100430840384998,0.0444528198548097,442.621207633047,7.59566896484375e-05,273025872,10704,124797112320.0,617394624.0,27444932.0,62005.4609375,0.7563084144
665,1,631739739,False,0.239427760243416,4340,1560,3160,0.00055058689714816,7.45777886826582e-06,0.00228736360920795,306.708424802066,0.00010051789740448,273025872,500,1110412425536.0,11002662844.0,25167090.59375,82055.4264526367,13.4782619839
666,3,631740798,False,0.565205693244934,6460,1460,6540,0.0431002445031831,0.00101709180527489,0.346505794653473,340.682908717196,0.00786859617894821,273025872,991,296292648989.562,6315402195.0,2188323456.13477,6423343.81954956,7.736367688875
667,1,631739732,False,0.0,0,0,0,0.0,0.0,0.0,0.0,0.0,273025872,514,35753112.0,10040400.0,0.0,0.0,0.01229949
668,1,631739449,False,0.0,0,0,0,0.0,0.0,0.0,0.0,0.0,273025872,929,616754368.0,24082200.0,0.0,0.0,0.029500695
669,1,631739556,False,0.153608381748199,8650,6390,3160,6.89877518068845e-05,2.36356772802537e-05,0.00725558632984757,306.976013183594,1.25947489746094e-05,273025872,780,71563468800.0,434996096.0,3156151.75,10281.427734375,0.5328702176
670,3,631740929,False,0.098714642226696,6360,2910,9050,6.62698596063647e-05,0.000205055456870116,0.0619957427062312,302.336468643699,1.20985569824219e-05,273025872,929,1382868608.0,48164400.0,2985987.75,9876.373046875,0.05900139
671,3,631740340,False,0.237893387675285,9200,3780,9880,0.000438249095734966,0.00551950662384224,1.60616435114762,290.997812052544,8.00089465820312e-05,273025872,368,1491484800.0,11833200.0,19006064.0,65313.42578125,0.01449567
672,1,631740006,False,0.143338933587074,7320,5480,4350,0.000112135738631244,0.00033051089849323,0.10371557623148,313.803802490234,2.04720612304687e-05,273025872,102,4629196800.0,50563800.0,5244253.5,16711.88671875,0.061940655
673,3,631740314,False,0.229057937860489,9150,3740,10020,0.00165866177144658,0.00509631592931392,1.6317677086297,320.185744224332,0.000302813587890625,273025872,335,7840422656.0,48504600.0,79148240.0,247194.765625,0.059418135
674,3,631740965,False,0.0461095385253429,10090,5530,6950,3.32842169335729e-06,3.96175578290849e-05,0.0151918108267842,383.461567528307,6.07653309631348e-07,273025872,549009219,1710144832.0,12520800.0,190213.625,496.043518066406,0.01533798
675,3,631740103,False,0.532876253128052,7340,5410,6360,0.0144385496355244,0.0102221065751462,4.96761613032122,485.967945433026,0.00263597382801971,273025872,46,14027626413.5625,210506059.0,1045713294.21875,2151815.36981201,0.257869922275
676,1,631739753,False,0.520296216011047,7270,5310,5560,0.0677597559304305,0.00583295384306674,2.46798245631515,423.110232433724,0.01237055990625,273025872,467,303524744704.0,1731269700.0,4272743246.75,10098416.25,2.1208053825
677,2,631739153,False,0.37036257982254,4320,2960,6530,0.00208515670551905,0.000832647958304733,0.248301953077316,298.207611083984,0.0003806766359375,273025872,1108,6253710336.0,373214688.0,92669936.0,310756.4375,0.4571879928
678,1,631739725,False,0.0769023969769478,7330,2400,930,2.77500760662328e-05,4.66758065158501e-05,0.0119581827893853,256.196624755859,5.06619266357422e-06,273025872,527,9457185792.0,88604096.0,1059544.0,4135.66748046875,0.1085400176
679,2,631738721,False,0.0789012163877487,8860,3240,7680,9.04898656539648e-06,3.408407792449e-05,0.00827721785753965,242.847045898438,1.6520282409668e-06,273025872,580,1702901248.0,39566700.0,327502.1875,1348.59448242188,0.0484692075
680,2,631738409,False,0.176891952753067,6590,6620,7370,0.000179468782812701,8.52355442475528e-05,0.0215159840881824,252.429702758789,3.27647185058594e-05,273025872,125,1540136320.0,313797600.0,6751664.0,26746.708984375,0.38440206
681,1,631739336,False,0.584598183631897,9190,6960,5630,0.0103369725391511,7.18087841527394e-05,0.0297732919838775,414.619079478478,0.00188716940149725,273025872,1065,1417645680544.0,21453454036.0,638739951.076523,1540546.45020184,26.2804811941
682,2,631739121,False,0.180716335773468,7890,3530,7740,0.000187068260399006,0.000357929151505232,0.10318511724472,288.283630371094,3.41521171386719e-05,273025872,1072,9281629184.0,77890496.0,8037140.0,27879.279296875,0.0954158576
683,2,631738776,False,0.168412938714027,10060,3840,7880,8.81506656295894e-05,1.44000242066939e-06,0.000895863860579456,622.126635150385,1.60932263549805e-05,273025872,645,2007215860736.0,9123128856.0,8173081.4375,13137.3276367188,11.1758328486
684,1,631739586,False,0.0333986803889275,10150,4480,2920,2.18906391306933e-06,1.04760793817604e-07,4.49034196208231e-05,428.628082275391,3.99646455383301e-07,273025872,728,75920850944.0,3114161152.0,139836.484375,326.242004394531,3.8148474112
685,3,631740902,False,0.30403009057045,7560,6290,5900,0.000592114717543136,0.00274601927265181,0.918737264823217,334.570581486123,0.000108099423974609,273025872,1126,3159964416.0,32135400.0,29523989.5,88244.427734375,0.039365865
686,1,631739895,False,0.0,0,0,0,0.0,0.0,0.0,0.0,0.0,273025872,251,42299170816.0,212493600.0,0.0,0.0,0.26030466
687,3,631740191,False,0.446423828601837,7630,3570,2900,0.00243929637651991,0.000995528095674852,0.353605244414097,355.193636372858,0.0004453301453125,273025872,178,48678629376.0,365167808.0,129125252.0,363534.8125,0.4473305648
688,3,631740810,False,0.0254822112619877,10270,4240,2720,4.97689557505e-06,1.44685107058999e-07,7.1342330355426e-05,493.08689612632,9.08606945419311e-07,273025872,1007,919069458432.0,5126443008.0,365732.390625,741.719955444336,6.2798926848
689,3,631740941,True,0.395476490259171,7080,5130,5720,0.000201017423926474,0.305274566790356,483.553959117438,1583.99687272184,3.66987461914062e-05,273025872,560581559,93953048.0,98135.1328125,47453632.0,29958.16015625,0.000120215537695312
690,2,631738629,False,0.0440931655466557,5520,5040,5890,5.73662424909737e-06,0.00022807638742961,0.161575332283974,708.426391601562,1.04730681152344e-06,273025872,428,477204480.0,3748500.0,605665.125,854.9443359375,0.0045919125
691,1,631739654,False,0.0865737944841385,6690,4630,5090,1.51232357401374e-05,6.13010934102931e-06,0.00229597860015929,374.541198730469,2.76097354736328e-06,273025872,629,64483196928.0,367669792.0,844161.9375,2253.85595703125,0.4503954952
692,2,631739062,True,1.0,7270,4930,6090,0.999999799761831,0.520014584064484,2042.22924804688,3927.25366210938,0.1825649644,273025872,997,661867003904.0,286593152.0,585288908800.0,149032624.0,0.3510766112
693,3,631740443,False,0.655441224575043,7820,4160,10820,0.106062538395563,0.00566134559431877,2.99157625155174,528.421415317557,0.0193633074236328,273025872,541,535940275200.0,2792053816.0,8352641889.0,15806781.5703125,3.4202659246
694,1,631739763,False,0.0,0,0,0,0.0,0.0,0.0,0.0,0.0,273025872,449,801588928.0,29116800.0,0.0,0.0,0.03566808
695,1,631740044,False,0.253496944904327,4620,4520,1450,0.00046117965662649,0.000778284214902669,0.224711090326309,288.726257324219,8.4195264453125e-05,273025872,36,11431462912.0,88310704.0,19844394.0,68730.828125,0.1081806124
696,1,631739403,False,0.0,0,0,0,0.0,0.0,0.0,0.0,0.0,273025872,977,33288318976.0,174786304.0,0.0,0.0,0.2141132224
697,1,631739367,False,0.0,0,0,0,0.0,0.0,0.0,0.0,0.0,273025872,1023,63693307904.0,272100608.0,0.0,0.0,0.3333232448
698,2,631738912,False,0.306339353322983,8130,3220,5830,0.000938646012425451,0.00148467510007322,0.514980375766754,346.864013671875,0.00017136391015625,273025872,832,1809229696.0,94221896.0,48522428.0,139888.90625,0.1154218226
699,2,631739206,False,0.469551295042038,6520,6950,7660,0.0373730517466887,0.00305792852194539,1.17275367377071,383.512454707292,0.00682301122788086,273025872,278,339022078976.0,1821430764.0,2136089620.0,5569805.08398438,2.2312526859
700,3,631740954,False,0.14717324078083,8950,5280,5870,2.28795065456993e-05,9.99119074982877e-05,0.0277301363616385,277.545860708482,4.17699713439941e-06,273025872,607344858,5643018752.0,34128000.0,946374.09375,3409.79357910156,0.0418068
701,3,631740122,False,0.028438176959753,8520,3110,7630,9.49602969131519e-07,1.37309204201049e-05,0.00290880095543719,211.843115132915,1.73364266967773e-07,273025872,75,337928192.0,10306800.0,29980.4296875,141.521850585938,0.01262583
702,3,631740395,False,0.293736338615417,6440,660,8050,0.00229746194052611,0.000827369252847124,0.273761160453659,330.881477057068,0.000419436141369629,273025872,450,37714989056.0,413838016.0,113292775.5,342396.850097656,0.5069515696
703,3,631740192,False,0.490502953529358,4300,4270,9690,0.00350461078446588,0.00144380595055258,0.415676306834823,287.903167787702,0.000639819271218109,273025872,180,52714547200.0,361753216.0,150372240.8125,522301.445892334,0.4431476896
704,3,631740244,False,0.598962306976318,8770,4830,6720,0.00794619381650605,0.0095504647835536,3.80746144002665,398.667659251861,0.00145069688171082,273025872,246,13707493888.0,123998400.0,472119126.625,1184242.35241699,0.15189804
705,2,631738873,False,0.679405927658081,6160,1960,6900,0.0728827260208262,0.00309440309570164,0.84470368012651,272.977906886103,0.0133058349457031,273025872,776,104939053568.0,3510178132.0,2965060386.0,10861906.078125,4.2999682117
706,3,631740602,False,0.531837105751038,4290,6550,7880,0.0128543133877939,0.000556679965312214,0.197464928035745,354.718941474743,0.0023467477359375,273025872,754,517903646720.0,3441317376.0,679539488.0,1915712.4375,4.2156137856
707,3,631740624,False,0.382280796766281,7820,7080,9510,0.00544710181382801,0.000756954097056233,0.281945949864427,372.474303211918,0.000994450147851562,273025872,788,199415562240.0,1072450816.0,302373164.0,811796.0390625,1.3137522496
708,1,631739273,False,0.0,0,0,0,0.0,0.0,0.0,0.0,0.0,273025872,917,158527104.0,4190400.0,0.0,0.0,0.00513324
709,3,631740293,True,0.998563170433044,6330,800,6190,0.0419577975620846,0.242351869214388,445.976323283888,1840.20170642617,0.00766002535205383,273025872,315,19659641852.8125,25801665.7363281,11506932019.6875,6253081.92004395,0.0316070405270019
710,3,631740182,False,0.381890058517456,4720,5080,9630,0.0145326859192603,0.00299447779543119,1.02503733217334,342.309211221164,0.00265315981875,273025872,163,138666504192.0,723279616.0,741388608.0,2165844.75,0.8860175296
711,1,631739453,False,0.132654458284378,5100,1610,2360,2.13487796209795e-05,4.25310827267822e-05,0.0123355267569423,290.035552978516,3.89753997192383e-06,273025872,182305693,7580689920.0,74808000.0,922796.0625,3181.66528320312,0.0916398
712,3,631740912,False,0.274551838636398,2050,3570,7150,0.000219908496762997,0.000131324798047765,0.0219549195412719,167.180303093148,4.0147594921875e-05,273025872,204,4565439488.0,249560992.0,5479091.5,32773.546875,0.3057122152
713,2,631738739,False,0.172831863164902,8380,1750,8850,0.000342205022466483,0.00101485324557871,0.369615793228149,364.206176757812,6.24746602539062e-05,273025872,601,9994357760.0,50253300.0,18574414.0,50999.72265625,0.0615602925
714,1,631739479,False,0.525707006454468,9520,3390,910,0.000432603153951014,8.36747588166948e-05,0.0279144681318863,333.606795246798,7.89781952148437e-05,273025872,895,137416494848.0,770507104.0,21508296.0,64471.99609375,0.9438712024
715,2,631738610,False,0.210494831204414,12410,6710,6760,0.00033331566315215,5.42105923391196e-05,0.0151839317489642,280.091603758535,6.08517743621826e-05,273025872,395,40651962368.0,916332320.0,13913527.40625,49674.9178466797,1.122507092
716,3,631740808,False,0.183337926864624,8280,2800,9720,0.000144919844783772,0.000434376125018604,0.134319669196764,309.22433683714,2.64572916015625e-05,273025872,1005,5031740544.0,49721400.0,6678562.0,21597.7890625,0.060908715
717,1,631739423,False,0.0,0,0,0,0.0,0.0,0.0,0.0,0.0,273025872,957,217006112768.0,986190272.0,0.0,0.0,1.2080830832
718,3,631740270,False,0.152019307017326,7760,480,7990,9.84064435505905e-05,0.000119784941115309,0.0422553969295344,352.760510094986,1.79655724609375e-05,273025872,281,23404242944.0,122434200.0,5173505.71875,14665.7734375,0.149981895
719,3,631740412,False,0.186680465936661,7140,2740,5850,0.000473006051698519,0.000244747137583845,0.0822261834533265,335.96382072153,8.63543502807617e-05,273025872,483,24963919872.0,288025216.0,23683214.25,70493.3471679688,0.3528308896
720,3,631740663,False,0.62622457742691,9480,6900,5730,0.00420896517527567,0.00232754811970322,0.676433608149837,290.620676076973,0.00076840973125,273025872,841,2455229184.0,269499584.0,182298576.0,627273.25,0.3301369904
721,2,631738691,False,0.437081634998322,6250,6100,8500,0.0177154636546873,0.00445487662832705,1.81571249312647,407.578625540596,0.0032342236390625,273025872,536,129194541056.0,592649984.0,1076081980.0,2640182.5625,0.7259962304
722,2,631738475,False,0.409761071205139,8000,2820,7170,0.00746717394685611,0.0019380560843274,0.681012034416199,351.389251708984,0.00136324461875,273025872,215,82659147776.0,574210816.0,391044480.0,1112852.75,0.7034082496
723,3,631740102,True,1.0,6860,5320,6170,0.0353975576579516,0.221170596801176,655.473848639344,2963.65727686935,0.00646235514768104,273025872,46,20650101810.4375,23852139.6315308,15634453762.5625,5275391.95729065,0.0292188710486252
724,2,631739197,False,0.126172050833702,6890,1650,7910,9.78283403780379e-05,0.00131886138115078,0.347610890865326,263.568908691406,1.78600310546875e-05,273025872,182305713,466548928.0,11054700.0,3842734.0,14579.6171875,0.0135420075
725,3,631740071,False,0.186542212963104,4850,2890,8140,0.000103093119627485,0.000149416030276961,0.0472766915041146,316.409768192084,1.88211954833984e-05,273025872,2,4505430528.0,102828600.0,4861396.0,15364.2412109375,0.125965035
726,2,631738614,False,0.248313069343567,8170,1860,9310,0.000797671346684439,0.000348413830477902,0.131833108311765,378.380812641497,0.000145626870170402,273025872,402,75279778688.0,341200800.0,44981562.0224609,118879.077690125,0.41797098
727,2,631738656,True,1.0,7370,5250,6090,0.137967025815666,0.430158612472663,1007.99073205486,2343.30012890052,0.0251879502,273025872,467,65777033216.0,47800024.0,48181981184.0,20561592.0,0.0585550294
728,1,631739468,False,0.297563999891281,6710,4440,5240,0.00049480504757814,0.000688211235683411,0.271574288606644,394.608917236328,9.0334083984375e-05,273025872,907,19111962624.0,107150400.0,29099294.0,73742.109375,0.13125924
729,2,631738389,False,0.655441224575043,7820,4160,10820,0.0758412113628531,0.0478056408464909,28.1907405853271,589.69482421875,0.013845950825,273025872,97,52776587264.0,236432704.0,6665212928.0,11302817.0,0.2896300624
730,2,631738695,False,0.34164947271347,6340,1020,5750,0.00435068327835922,0.00152084743604064,0.544823527336121,358.236785888672,0.000794282496875,273025872,542,51347148800.0,426337216.0,232278544.0,648393.875,0.5222630896
731,2,631738671,False,0.709353506565094,6370,1360,6500,0.124162363443279,0.0016818467153705,0.54696561075567,325.217277981946,0.0226677020007812,273025872,500,1121743095073.94,11002338300.0,6017900688.0,18504246.53125,13.4778644175
732,2,631738790,False,0.0687052309513092,9030,5820,9440,2.42430452518381e-05,8.16652300272835e-06,0.00420565064996481,514.986694335938,4.42593157958984e-06,273025872,664,57774301184.0,442416608.0,1860649.75,3613.00537109375,0.5419603448
733,2,631739103,False,0.255724728107452,6920,1330,8680,0.000460534925857609,0.000119008407637011,0.0637294054031372,535.503356933594,8.40775591796875e-05,273025872,1047,138031513600.0,576721792.0,36754136.0,68634.7421875,0.7064841952
734,2,631739893,False,0.268837124109268,9080,2480,9360,0.00050104633917445,0.00209137890487909,0.763049900531769,364.854919433594,9.1473525390625e-05,273025872,312782594,6666731520.0,35704800.0,27244544.0,74672.265625,0.04373838
735,3,631740617,False,0.679405927658081,6160,1960,6900,0.0742119021123534,0.00157541815579698,0.432566207379624,274.572313254061,0.0135484959801241,273025872,776,210087871744.0,7020356264.0,3036768883.57227,11059996.7184687,8.5999364234
736,3,631740862,False,0.170674264431,8260,1280,9500,0.000157552628385818,0.00022129940329685,0.0812623288452331,367.205368087813,2.87635957519531e-05,273025872,1074,17401273344.0,106102800.0,8622160.625,23480.486328125,0.12997593
737,2,631739126,False,0.134214475750923,8410,4030,7980,0.000170947697740828,0.000204797674086876,0.0558746866881847,272.828735351562,3.12090666015625e-05,273025872,1079,13626107904.0,124399800.0,6950800.0,25476.7890625,0.152389755
738,1,631739481,False,0.0,0,0,0,0.0,0.0,0.0,0.0,0.0,273025872,893,8256709120.0,93616200.0,0.0,0.0,0.114679845
739,1,631739224,False,0.0,0,0,0,0.0,0.0,0.0,0.0,0.0,273025872,607344830,1022240512.0,9781200.0,0.0,0.0,0.01198197
740,1,631739272,False,0.0,0,0,0,0.0,0.0,0.0,0.0,0.0,273025872,526157192,7470735872.0,167212800.0,0.0,0.0,0.20483568
741,3,631740762,False,0.5929074883461,6920,3280,6130,0.00707374710858124,0.00176210873845651,0.758313705202139,430.344443933904,0.00129141864764404,273025872,958,58385599488.0,598271424.0,453677420.25,1054219.30419922,0.7328824944
742,2,631738748,False,0.169603779911995,7570,2580,5860,0.000118776350223647,0.00082311755977571,0.292725533246994,355.630279541016,2.16844044921875e-05,273025872,611,1129864960.0,21505500.0,6295209.0,17701.5546875,0.0263442375
743,3,631740466,False,0.0699932500720024,10540,6300,6850,2.03926477305958e-05,0.00060000995225386,0.441361496090974,735.590292182749,3.72298375244141e-06,273025872,576,589457824.0,5065200.0,2235584.25,3039.17041015625,0.00620487
744,3,631740627,False,0.055568914860487,12650,6610,3410,5.84720495621514e-06,5.97033992239054e-07,0.000277245721451868,464.371752791017,1.06749497842416e-06,273025872,794,1405159136.0,1459589376.0,404664.909572601,871.424472182989,1.7879969856
745,2,631738959,False,0.710138022899628,9160,3530,10310,0.0896943083806948,0.0173488093011794,8.11983165829448,468.033945000622,0.0163750414953125,273025872,895,143412315904.0,770507104.0,6256387976.0,13367380.8125,0.9438712024
746,1,631739701,False,0.691186666488647,6840,5820,3210,0.0600689910632602,7.21419601201923e-05,0.0232555069579754,322.357569980501,0.010966495410919,273025872,567,19245492215950.2,124092014368.0,2885822703.56421,8952241.15177059,152.0127176008
747,2,631738544,False,0.160505682229996,5160,4630,5890,7.58080180814817e-05,5.2931976824766e-05,0.0187071580439806,353.418823242188,1.38398908935547e-05,273025872,310,10431330304.0,213441296.0,3992880.0,11297.8701171875,0.2614655876
748,3,631740871,False,0.0999530181288719,6570,880,7190,9.41957930798039e-05,0.00010211760293689,0.0423511133138159,414.728823393843,1.71968550537109e-05,273025872,1086,32962867200.0,137471392.0,5822066.5,14038.2490234375,0.1684024552
749,1,631739970,False,0.21875524520874,7900,5950,5050,0.000315348570688521,0.00049110921099782,0.176091954112053,358.559661865234,5.7571612109375e-05,273025872,606826647,10972145664.0,95696096.0,16851312.0,46997.234375,0.1172277176
750,2,631738362,False,0.51816713809967,7690,3410,6120,0.0247599563241451,0.0480363517999649,18.7111854553223,389.521362304688,0.00452030145,273025872,50,12205956096.0,76817696.0,1437350144.0,3690042.0,0.0941016776
751,2,631738468,False,0.0,0,0,0,0.0,0.0,0.0,0.0,0.0,273025872,207,1080854656.0,23752800.0,0.0,0.0,0.02909718
752,3,631740654,False,0.448128134012222,6810,5990,6370,0.0212024558656416,0.00933610294442044,3.993090973933,427.704257087204,0.00387082637539062,273025872,830,64726317056.0,338455808.0,1351484832.0,3159858.265625,0.4146083648
753,2,631738643,False,0.950476229190826,7000,4960,5970,0.087670237281352,0.0150931416679471,11.1238539358627,737.013815982797,0.016005516953125,273025872,444,181596194816.0,865673192.0,9629622144.0,13065728.125,1.0604496602
754,2,631738391,False,0.184489816427231,8550,5830,5700,0.000265310800263694,0.000247531075729057,0.0735098049044609,296.972045898438,4.84364665039062e-05,273025872,100,28595075904.0,159737408.0,11742266.0,39539.97265625,0.1956783248
755,2,631739170,False,0.249774694442749,5820,6660,7750,9.25110152301881e-05,0.000524661561939865,0.196115091443062,373.793487548828,1.68892735839844e-05,273025872,1139,5025061888.0,26278200.0,5153551.5,13787.162109375,0.032190795
756,3,631740598,False,0.209188282489777,10300,2280,8890,0.000217617943795579,0.000185952595879155,0.0963243902586699,518.005085130774,3.97294201171875e-05,273025872,750,22901953536.0,174411008.0,16800034.0,32432.1796875,0.2136534848
757,1,631739522,False,0.0,0,0,0,0.0,0.0,0.0,0.0,0.0,273025872,831,1555041792.0,21726900.0,0.0,0.0,0.0266154525
758,1,631740067,False,0.153626844286919,6830,5050,3840,2.80067476104891e-05,4.42257078248076e-06,0.00143769977148622,325.082397460938,5.11305190429687e-06,273025872,6,11009405952.0,943776896.0,1356867.875,4173.919921875,1.1561266976
759,2,631738998,False,0.172985941171646,6610,1260,8070,0.000150972602823672,0.000193813670193776,0.073078453540802,377.055206298828,2.75623133789062e-05,273025872,182305705,24562206720.0,116090096.0,8483685.0,22499.84765625,0.1422103676
760,3,631740553,False,0.375120550394058,6350,1040,5960,0.00407304907411484,0.000401774001731238,0.171774110773603,427.539139002103,0.000743596208111572,273025872,687,321533275896.0,1510842688.0,259523659.25,607017.312744141,1.8507822928
761,3,631740590,False,0.358755350112915,7890,3120,10790,0.00538820891608055,0.00237939180319987,0.904409520451166,380.101133085729,0.000983698365917969,273025872,735,53804292096.0,337489216.0,305228460.0,803019.07421875,0.4134242896
762,3,631740286,False,0.0811255127191544,8970,1860,8570,4.14815237005241e-05,4.17639582184877e-05,0.0138241987153504,331.007866711992,7.5730744140625e-06,273025872,305,13588265472.0,148024800.0,2046324.25,6182.1015625,0.18133038
763,3,631740160,False,0.057730957865715,12030,6710,6990,1.45467478018979e-05,5.59047228846263e-05,0.0241684314658374,432.31466356993,2.65572702636719e-06,273025872,135,2564963072.0,38779200.0,937232.4375,2167.9404296875,0.04750452
764,1,631740029,False,0.0154686802998185,8590,3940,5490,2.29403264245349e-06,5.09561596118147e-06,0.00112161517608911,220.113739013672,4.18810071563721e-07,273025872,62,415897600.0,67094100.0,75253.7578125,341.885772705078,0.0821902725
765,3,631740100,False,0.373764008283615,9550,2200,5960,0.00423176033169723,0.00212159243134939,0.701413319199756,330.607004830629,0.000772571329003906,273025872,42,37546256384.0,297262784.0,208504076.0,630670.47265625,0.3641469104
766,2,631738572,False,0.574169218540192,5050,6220,7320,0.0365092237152773,0.00399432145059109,1.57128798961639,393.380462646484,0.0066653064625,273025872,342,194534408192.0,1362200448.0,2140409216.0,5441066.5,1.6686955488
767,2,631738546,True,1.0,7390,5130,6170,0.0183679058208388,0.362635105848312,750.867919921875,2070.587890625,0.00335333674375,273025872,313,8311690240.0,7548683.5,5668064256.0,2737417.75,0.0092471372875
768,2,631738918,False,0.520143568515778,950,5880,7080,0.00775562555385535,0.000430619609548238,0.131631280930627,305.678789381471,0.00141590578665771,273025872,840,105827365632.0,2684135680.0,353316217.75,1155841.45849609,3.288066208
769,3,631740438,False,0.255401402711868,8490,340,7490,0.00039924762583928,6.30381548763335e-05,0.0232513151059847,368.845108991507,7.28886431932211e-05,273025872,533,170651870336.0,943887608.0,21946628.1982422,59500.933218956,1.1562623198
770,3,631740584,False,0.206414505839348,9830,2660,9140,0.000157887037586354,2.86823945148349e-05,0.0120671997229443,420.718002351686,2.88246471679687e-05,273025872,727,114606837760.0,820375168.0,9899631.0,23530.32421875,1.0049595808
771,3,631740816,False,0.446423828601837,7630,3570,2900,0.0033734012223819,0.00106701857400317,0.370899834110338,347.603915383423,0.000615864997390747,273025872,1014,60048668032.0,471169808.0,174756803.625,502746.936645508,0.5771830148
772,2,631738628,False,0.471722722053528,9200,3540,10310,0.00390423623615244,0.00271557131782174,0.95801717042923,352.78662109375,0.0007127768921875,273025872,427,34001197056.0,214267504.0,205271952.0,581858.6875,0.2624776924
773,2,631738328,False,0.186542212963104,4850,2890,8140,0.000103093119627485,0.000298832048429176,0.0945533812046051,316.409759521484,1.88211954833984e-05,273025872,2,2163836928.0,51414300.0,4861396.0,15364.2412109375,0.0629825175
774,2,631739097,False,0.0,0,0,0,0.0,0.0,0.0,0.0,0.0,273025872,1039,1877025280.0,36730800.0,0.0,0.0,0.04499523
775,3,631740266,False,0.517895042896271,4180,3960,6010,0.0543989961610348,0.00252746157628287,0.835245596274631,330.468167790319,0.00993135278617096,273025872,275,396404628992.0,3207655792.0,2679180374.63281,8107226.76422119,3.9293783452
776,2,631738670,True,0.453150570392609,6230,1010,6340,0.000439504271221456,0.201847585692956,237.82770612596,1178.25390533893,8.02380976959228e-05,273025872,500,177824094.0625,324504.688476562,77176205.6875,65500.4879150391,0.000397518243383789
777,2,631738883,False,0.000183007286977954,11050,6420,8100,1.10517093900582e-09,2.25688898125576e-10,7.06579825759945e-08,313.076934814453,2.01765533536673e-10,273025872,794,396901408.0,729794688.0,51.5658226013184,0.16470655798912,0.8939984928
778,3,631740698,False,0.252668529748917,8750,4150,10340,0.00225369841837498,0.00112033278058745,0.37954273684588,338.776784382641,0.00041144645390625,273025872,888,50420070400.0,299799008.0,113786536.0,335874.65625,0.3672537848
779,2,631738955,False,0.244160756468773,6070,2420,8870,0.00128590956870526,0.000529160082805902,0.186859339475632,353.124389648438,0.000234762081640625,273025872,889,47612526592.0,362163584.0,67673648.0,191642.515625,0.4436503904
780,1,631739914,False,0.293556600809097,9210,6310,3630,0.000347091089881761,4.95896165375598e-05,0.0156064089387655,314.711242675781,6.336668515625e-05,273025872,229,1384864640.0,1043119744.0,16279353.0,51727.90625,1.2778216864
781,1,631739945,False,0.0,0,0,0,0.0,0.0,0.0,0.0,0.0,273025872,188,1531614976.0,69504304.0,0.0,0.0,0.0851427724
782,1,631739331,False,0.103077106177807,10220,4370,2720,2.62964769895031e-05,2.81320289156174e-07,0.000137529780486278,488.872597489507,4.80081634674072e-06,273025872,1073,2148905574400.0,13930860672.0,1915908.21020508,3919.03375244141,17.0653043232
783,3,631740366,False,0.351166188716888,3440,4410,7240,0.00409883578700484,0.00109263825029569,0.356129176313177,325.935117333482,0.000748303959375,273025872,412,48390516736.0,559069184.0,199100848.0,610860.375,0.6848597504
784,3,631740237,False,0.0153568666428328,12620,5180,6320,4.37397383992232e-07,7.77807523385857e-06,0.00412912084019425,530.866662515666,7.98534538269043e-08,273025872,237,324239968.0,8380800.0,34605.3359375,65.1864929199219,0.01026648
785,1,631739219,False,0.00182839785702527,9100,4900,5650,1.21957882348854e-08,1.60866889586941e-07,3.39107391482685e-05,210.799987792969,2.22652409076691e-09,273025872,607344842,1997741312.0,11298600.0,383.143890380859,1.81757068634033,0.013840785
786,3,631740823,True,0.135789468884468,6260,1090,6370,2.3693595287571e-06,0.378282105736689,382.215312831833,1010.39754996469,4.32562124633789e-07,273025872,1021,553549.5625,933.4619140625,356783.4375,353.111938476562,1.14349084472656e-06
787,3,631740082,False,0.404277235269547,4710,2790,5670,0.00101822787968235,0.0013414768533252,0.376156239778644,280.404569669795,0.000185892773828125,273025872,19,8836807424.0,113121000.0,42551170.0,151749.203125,0.138573225
788,3,631740603,False,0.119655005633831,7000,3630,10500,6.31832680586151e-05,2.70020180438983e-05,0.0115103291964901,426.276627834899,1.15350533935547e-05,273025872,755,69459351552.0,348728384.0,4013978.5,9416.3701171875,0.4271922704
789,2,631738608,False,0.054177887737751,9660,2270,8600,3.00640687701295e-06,0.000113118934677914,0.033549714833498,296.587951660156,5.48864674377441e-07,273025872,393,363136576.0,3960900.0,132887.0625,448.052795410156,0.0048521025
790,1,631739127,False,0.143530309200287,8440,5950,5540,8.61815573958172e-05,0.000371359201380983,0.146190792322159,393.664123535156,1.57337361083984e-05,273025872,606826659,7861849600.0,34586100.0,5056169.5,12843.8662109375,0.0423679725
791,1,631739755,False,0.258804053068161,6190,2440,5260,0.00106584359806392,5.63573339604773e-05,0.0288747381418943,512.351013183594,0.0001945857375,273025872,463,739888070656.0,2818541824.0,81384656.0,158845.5,3.4527137344
792,2,631739158,False,0.0226018838584423,10690,5070,6230,1.47503441144984e-06,1.68288315762766e-05,0.00830921716988087,493.748901367188,2.69289658737183e-07,273025872,1116,58421656.0,13062600.0,108539.9765625,219.82829284668,0.016001685
793,1,631739576,False,0.159963697195053,3440,4140,4860,5.19683997146041e-05,9.6866398815614e-06,0.00236155619588446,243.795188502848,9.48761094360351e-06,273025872,746,54801277136.0,799553676.0,1888190.9375,7744.98852539062,0.9794532531
794,1,631739980,False,0.24834880232811,6870,3160,4740,0.000670658454949572,7.22219173787639e-05,0.0274346658378997,379.866207290234,0.000122438761469341,273025872,138,204347284480.0,1383929048.0,37967630.9752426,99950.0093627274,1.6953130838
795,2,631738727,False,0.339430212974548,3980,3570,5730,0.00512473637696593,0.00354890641756356,1.20635116100311,339.921966552734,0.0009355975015625,273025872,588,31732705280.0,215208000.0,259616432.0,763753.0625,0.2636298
796,2,631739264,False,0.388027906417847,3530,3560,6630,0.000339943484742628,0.0303623881191015,5.6701397895813,186.748809814453,6.20617826171875e-05,273025872,527696977,44452920.0,1668600.0,9461195.0,50662.6796875,0.002044035
797,2,631738521,False,0.824735879898071,6500,1190,6430,0.00575270068604414,0.00252937851473689,0.927721977233887,366.778625488281,0.00105024180625,273025872,274,35675125408.0,338952928.0,314454080.0,857340.25,0.4152173368
798,1,631739984,False,0.0,0,0,0,0.0,0.0,0.0,0.0,0.0,273025872,132,165646272.0,9615600.0,0.0,0.0,0.01177911
799,1,631739489,False,0.245099797844887,4330,2800,1790,0.000379827938144368,0.000161146395839751,0.0429546572268009,266.556732177734,6.9343287890625e-05,273025872,878,29303588864.0,351275392.0,15088914.0,56606.765625,0.4303123552
800,3,631740580,False,0.25403219461441,9770,1900,9020,9.67363633503222e-05,1.56488136588416e-05,0.00767824924810374,490.660149420689,1.76606742675781e-05,273025872,721,208340500480.0,921276032.0,7073787.0,14416.876953125,1.1285631392
801,1,631739478,False,0.356299877166748,7730,4090,1760,0.000294737618962194,4.12071021236022e-05,0.0143075465237162,347.210693943005,5.38087736877441e-05,273025872,896,39400931840.0,1065969876.0,15251413.59375,43925.5295410156,1.3058130981
802,3,631740383,False,0.376807451248169,6390,6030,4840,0.00201226070262602,0.0012358743053809,0.437088219862941,353.667211916205,0.000367368377099609,273025872,436,12928917504.0,242656192.0,106062163.0,299892.552734375,0.2972538352
803,1,631739719,False,0.691186666488647,6840,5820,3210,0.000115614658471184,2.90734157431446e-05,0.0143249594688254,492.716769002388,2.1107190234375e-05,273025872,536,133198092288.0,592649984.0,8489687.0,17230.359375,0.7259962304
804,1,631739442,False,0.0,0,0,0,0.0,0.0,0.0,0.0,0.0,273025872,182305705,23314073600.0,116090096.0,0.0,0.0,0.1422103676
805,1,631740012,False,0.654443085193634,4400,5110,2530,0.00123342825475679,5.17463662397729e-05,0.0272457903594787,526.525673961957,0.000225180830509424,273025872,95,489493985856.0,3552347720.0,96786521.263092,183821.086130142,4.351625957
806,1,631739461,False,0.269680768251419,8670,2520,3870,0.000550823286935599,0.000908593065105379,0.307578027248383,338.521209716797,0.00010056105390625,273025872,916,1989841792.0,90349200.0,27789428.0,82090.65625,0.11067777
807,2,631738820,False,0.203731760382652,8730,2490,10420,0.00120132355483502,0.00353062222711742,1.45515298843384,412.151977539062,0.0002193196359375,273025872,696,9821068288.0,50709600.0,73790224.0,179036.4375,0.06211926
808,1,631739300,False,0.273767352104187,6330,4030,4980,0.000504035145157682,0.00149633560795337,0.641620635986328,428.794586181641,9.20191767578125e-05,273025872,1113,6941286912.0,50201100.0,32210062.0,75117.6953125,0.0614963475
809,2,631739247,False,0.0311972759664059,8270,5450,5930,2.90672615611004e-06,5.04697636642959e-05,0.0138130690902472,273.690002441406,5.30666463470459e-07,273025872,607344862,1406423424.0,8583300.0,118561.71875,433.197113037109,0.0105145425
810,1,631739374,False,0.0,0,0,0,0.0,0.0,0.0,0.0,0.0,273025872,1015,89253257216.0,538884928.0,0.0,0.0,0.6601340368
811,2,631738351,False,0.209054246544838,8000,1420,8460,0.000633945328435519,0.0001960588269867,0.0736411809921265,375.607574462891,0.000115736229492187,273025872,33,77811064832.0,481888800.0,35486860.0,94478.5546875,0.59031378
812,3,631740726,False,0.0600100792944431,11640,5340,8090,2.2903664619142e-05,8.21491057032874e-06,0.00476400801902231,579.922079277324,4.18140755310059e-06,273025872,153,17574554112.0,415512000.0,1979502.5,3413.39392089844,0.5090022
813,2,631738907,False,0.547727227210999,4530,6430,5780,0.0218171150735884,0.004782072411346,1.57020510601377,328.352431947347,0.00398304163427734,273025872,826,79534191616.0,679927504.0,1067625638.5,3251462.55859375,0.8329111924
814,1,631739627,False,0.0,0,0,0,0.0,0.0,0.0,0.0,0.0,273025872,667,3238831104.0,104673600.0,0.0,0.0,0.12822516
815,3,631740263,False,0.582636535167694,4830,6650,5590,0.00256374246784202,0.00234311432791466,0.771833961301464,329.405164786981,0.00046804964609375,273025872,272,15363905536.0,163065600.0,125859568.0,382081.34375,0.19975536
816,3,631740365,False,0.316842347383499,9230,1350,9350,0.0013453450669266,0.000181767139272999,0.0678325563605066,373.18382537026,0.000245612923430252,273025872,409,208296159104.0,1103061568.0,74823485.9804688,200500.345657349,1.3512504208
817,3,631740386,False,0.0935588553547859,7970,1150,7100,3.03877700811242e-05,0.000212984283770763,0.0614671336662998,288.59938666863,5.54774327392578e-06,273025872,441,1855483584.0,21263400.0,1307000.25,4528.77001953125,0.026047665
818,2,631738595,False,0.449844926595688,10590,6700,6070,0.00497887886961972,9.42826815342141e-05,0.0413818806407023,438.912851939678,0.00090896902559433,273025872,370,490312024608.0,7870114840.0,325680152.9375,742015.531097412,9.640890679
819,2,631738763,False,0.561037302017212,6580,4830,6990,0.0454659151891802,0.0184293240308762,9.25627708435059,502.258087158203,0.00830048485,273025872,629,77079773184.0,367669792.0,3403253504.0,6775906.0,0.4503954952
820,1,631739362,False,0.0192063804715872,6310,510,3820,1.52681569462393e-06,1.68792962540465e-06,0.000459163100458682,272.027374267578,2.7874310874939e-07,273025872,1030,17466132480.0,134807392.0,61898.578125,227.545394897461,0.1651390552
821,2,631738345,False,0.507164359092712,9180,2270,5860,0.00751001355170383,0.00208163354545832,0.722904443740845,347.277465820312,0.00137106563125,273025872,26,79861850112.0,537672576.0,388685888.0,1119237.25,0.6586489056
822,2,631739043,False,0.229156866669655,8300,5770,5800,0.00030907585246436,0.00133181817363948,0.600748419761658,451.073913574219,5.64264333007812e-05,273025872,606826659,7761153536.0,34586100.0,20777544.0,46062.39453125,0.0423679725
823,3,631740759,False,0.198971331119537,12110,6610,6730,0.000257055006779642,8.29980456096237e-05,0.0228425957688543,275.21847774938,4.69292475585937e-05,273025872,955,17707967488.0,461572192.0,10543507.0,38309.58984375,0.5654259352
824,3,631740285,False,0.509612083435059,3190,3190,5850,0.00756693731828315,0.00297897644221121,0.904587525572709,303.657159806628,0.00138145791875,273025872,304,32229419008.0,378559808.0,342440480.0,1127720.75,0.4637357648
825,1,631739334,False,0.0312688648700714,10430,6810,5050,2.07019593679538e-06,7.25702921045013e-06,0.00275796814821661,380.040924072266,3.77945323181152e-07,273025872,1069,792449920.0,42514200.0,117252.8125,308.526794433594,0.052079895
826,2,631738536,False,0.400358408689499,3870,3640,5870,0.00309136488294945,0.00203834869898856,0.690705597400665,338.855438232422,0.0005643750328125,273025872,296,39913365504.0,226023296.0,156115552.0,460714.3125,0.2768785376
827,3,631740489,False,0.284485995769501,3320,5780,5880,0.00130523176494453,0.000301180724692555,0.109726796116854,364.322106698107,0.000238289638415527,273025872,605,60570360832.0,645865216.0,70868720.875,194522.153808594,0.7911848896
828,1,631739523,False,0.32054528594017,6710,6010,5340,0.00141834531007588,0.00124908343423158,0.536963939666748,429.886383056641,0.000258940212890625,273025872,830,30989762560.0,169227904.0,90869280.0,211379.765625,0.2073041824
829,3,631740204,False,0.0127241229638457,12950,7500,5970,7.06472219981902e-07,1.73698638636592e-06,0.00059359855749402,341.740477733928,1.28977101516724e-07,273025872,198,179129568.0,60615000.0,35980.9765625,105.28742980957,0.074253375
830,3,631740242,False,0.275783956050873,7910,2250,9310,0.000571558151378633,0.00310720172630773,1.04452425767856,336.16235754341,0.000104346514453125,273025872,243,2954123008.0,27414000.0,28634588.0,85180.828125,0.03358215
831,3,631740560,False,0.48796346783638,6740,6580,6230,0.014260047682253,0.00429762539138651,1.61721518910344,376.304363880746,0.00260338561875,273025872,693,86685859840.0,494508608.0,799726832.0,2125212.75,0.6057730448
832,3,631740323,False,0.282804757356644,4920,2930,9940,0.00395445371651886,0.000105453353497411,0.0325817428100281,308.968294790436,0.000721944846538627,273025872,345,761747708416.0,5588658040.0,182088218.912476,589342.731868267,6.846106099
833,2,631739012,False,0.0,0,0,0,0.0,0.0,0.0,0.0,0.0,273025872,951,146580865024.0,561608128.0,0.0,0.0,0.6879699568
834,1,631739801,False,0.160196512937546,7120,2220,5380,0.00024846337561197,8.07394644652959e-06,0.00385322235524654,477.241485595703,4.536071640625e-05,273025872,382,1150935236608.0,4586252288.0,17671850.0,37029.15625,5.6181590528
835,3,631740440,False,0.691186666488647,6840,5820,3210,0.0178310783131585,0.0022419750220351,0.915018726297646,408.130651458846,0.00325533082929687,273025872,536,262392633344.0,1185299968.0,1084571667.0,2657412.921875,1.4519924608
836,3,631740530,False,0.452588975429535,9340,5120,3520,0.0017136774908913,0.000339793412138932,0.0990212156849956,291.415937294595,0.000312857532763672,273025872,658,17029429248.0,751615232.0,74425854.0,255393.904296875,0.9207286592
837,1,631739679,False,0.0,0,0,0,0.0,0.0,0.0,0.0,0.0,273025872,598,2143188096.0,20722500.0,0.0,0.0,0.0253850625
838,1,631739908,False,0.0,0,0,0,0.0,0.0,0.0,0.0,0.0,273025872,235,9187448976.0,256380296.0,0.0,0.0,0.3140658626
839,2,631738678,False,0.0,0,0,0,0.0,0.0,0.0,0.0,0.0,273025872,514,44875476.0,10040400.0,0.0,0.0,0.01229949
840,3,631740086,False,0.269733101129532,5760,6320,7770,0.00285593565537013,0.000956610720209022,0.361332625115829,377.721697533221,0.000521393895654297,273025872,23,80272842752.0,444932992.0,160768806.0,425627.669921875,0.5450429152
841,2,631738658,False,0.105722077190876,8610,1150,7280,4.40305665794269e-05,0.000520867411978543,0.179753482341766,345.104064941406,8.0384404296875e-06,273025872,469,1149414784.0,12598200.0,2264570.25,6561.9921875,0.015432795
842,2,631739869,False,0.106275990605354,7150,930,8050,3.57106420681058e-05,7.64003998483531e-05,0.0347120612859726,454.343994140625,6.51951340332031e-06,273025872,312782558,18245404672.0,69660000.0,2418042.25,5322.0517578125,0.0853335
843,3,631740592,True,1.0,7270,4930,6090,0.0163938317342842,0.578940755409347,1201.39300105281,2075.1570688841,0.00299293990625,273025872,741,6430897664.0,4220149.0,5070057472.0,2443216.25,0.005169682525
844,3,631740739,False,0.18025030195713,6610,1230,8080,0.000134946555945337,0.000118906237609896,0.0500730082748545,421.113385482204,2.46365181152344e-05,273025872,182305701,33347675136.0,169136992.0,8469198.0,20111.443359375,0.2071928152
845,3,631740651,False,0.547727227210999,4530,6430,5780,0.0261492708288752,0.0028658167265882,0.951550689214177,332.034732153655,0.00477394165388489,273025872,826,159660040192.0,1359855008.0,1293970970.09375,3897095.22766113,1.6658223848
846,2,631738439,False,0.381890058517456,4720,5080,9630,0.0145326859192603,0.0059889554977417,2.05007457733154,342.309204101562,0.00265315981875,273025872,163,67426816000.0,361639808.0,741388608.0,2165844.75,0.4430087648
847,2,631738746,True,0.998563170433044,6330,800,6190,0.0313563932435472,0.295886009931564,615.0390625,2078.63500976562,0.0057245799625,273025872,610,15298300928.0,15793671.0,9713724416.0,4673126.5,0.019347246975
848,3,631740524,False,0.0663557574152946,12730,5200,6310,6.83367796153533e-06,1.33313376506487e-06,0.000707716242181429,530.86663973813,1.24759042358398e-06,273025872,651,79297798144.0,763945216.0,540656.4375,1018.44116210938,0.9358328896
849,1,631739830,False,0.641022026538849,7280,5230,5670,0.333441227899234,0.000921083071095121,0.401178630214314,435.55097558935,0.0608746980903541,273025872,343,6032596631456.0,53951302172.0,21644109503.6415,49693631.0941666,66.0903451607
850,3,631740467,False,0.175581067800522,5980,1480,8170,3.60050963346706e-05,1.13970717917372e-05,0.00401024210485589,351.866003666249,6.57327044677734e-06,273025872,577,91635859456.0,470816992.0,1888090.125,5365.93505859375,0.5767508152
851,3,631740368,True,0.979528307914734,7410,5030,6000,0.00821531703580752,0.284402007479908,485.093296758803,1705.6605931063,0.0014998293625,273025872,414,4063951872.0,4304999.5,2088326400.0,1224350.5,0.0052736243875
852,2,631738762,False,0.102634720504284,8070,2280,6400,3.58811099003732e-05,5.78316030441783e-05,0.0197804439812899,342.035186767578,6.55063486328125e-06,273025872,628,12404045824.0,92466000.0,1829018.5,5347.45703125,0.11327085
853,2,631738896,False,0.0,0,0,0,0.0,0.0,0.0,0.0,0.0,273025872,811,86455238656.0,506958304.0,0.0,0.0,0.6210239224
854,1,631739369,False,0.237741649150848,4990,2170,4720,6.84104152972716e-05,9.52858954406111e-06,0.00188035995233804,197.338760375977,1.24893475341797e-05,273025872,1021,58898124800.0,1069978496.0,2011944.75,10195.3857421875,1.3107236576
855,1,631739884,False,0.0,0,0,0,0.0,0.0,0.0,0.0,0.0,273025872,269,12039114752.0,92317504.0,0.0,0.0,0.1130889424
856,2,631738647,False,0.293736338615417,6440,660,8050,0.0022618486875857,0.00162908819038421,0.541100203990936,332.149139404297,0.0004129344078125,273025872,450,20477863936.0,206919008.0,111963920.0,337089.3125,0.2534757848
857,3,631740551,False,0.922156751155853,6860,5070,6420,0.21526956153436,0.0417621533703333,29.5260808784906,707.005709611353,0.0393006877074219,273025872,685,172370841600.0,768212160.0,22682294368.0,32082194.046875,0.941059896
858,3,631740165,False,0.582636535167694,4830,6650,5590,0.0732489137399259,0.00592901377599045,2.2483903584512,379.218271941964,0.0133726880069908,273025872,141,275441815072.0,1841196600.0,4139728683.45312,10916480.0057068,2.255465835
859,2,631739111,False,0.366375356912613,6700,4100,10050,0.00562536072388983,0.00263722823001444,1.1189751625061,424.299682617188,0.0010269939859375,273025872,1058,75634778112.0,317895296.0,355716928.0,838362.4375,0.3894217376
860,1,631739665,False,0.266848593950272,6570,6760,4770,0.00206026912280224,0.00130410294514149,0.398865342140198,305.854187011719,0.000376133034375,273025872,614,27938033664.0,235447200.0,93911728.0,307047.375,0.28842282
861,3,631740915,False,0.178631648421288,6960,5250,8320,0.000280235682854845,0.00132101860867842,0.448039674399102,339.162273306153,5.1161227708435e-05,273025872,484682528,4806686464.0,31615200.0,14164863.9140625,41764.2675170898,0.03872862
862,3,631740134,False,0.251826018095016,8530,5830,5680,0.000449007696425252,0.000209458790622639,0.0616035928791332,294.108414815201,8.19730905273437e-05,273025872,100,57305509664.0,319474816.0,19680796.5,66916.80859375,0.3913566496
863,1,631739733,False,0.345336079597473,8720,6170,4140,0.000454211489931285,2.7938476705458e-06,0.00123914110008627,443.524932861328,8.292312109375e-05,273025872,512,4215615849600.0,24229074944.0,30023242.0,67692.34375,29.6806168064
864,1,631740048,False,0.200884953141212,6010,6220,5610,6.27087430150131e-05,0.000408966006943956,0.16054755449295,392.569427490234,1.14484217285156e-05,273025872,30,1755357440.0,22851900.0,3668816.5,9345.650390625,0.0279935775
865,2,631738376,False,0.325942009687424,4960,5390,5850,0.00142061264036417,0.00472705438733101,1.83977818489075,389.201812744141,0.000259354148046875,273025872,72,8178644480.0,44788500.0,82400904.0,211717.671875,0.0548659125
866,3,631740859,False,0.267319679260254,6780,1590,8390,0.00104317186782297,0.000142992811766616,0.0718146299330458,502.225454872914,0.000190446673046875,273025872,1070,262013509632.0,1087234176.0,78079320.0,155466.671875,1.3318618656
867,1,631739876,False,0.0552357621490955,10560,4370,4920,1.04604670968785e-05,0.000222557879169472,0.156390845775604,702.697448730469,1.90971518554687e-06,273025872,280,1288034048.0,7004700.0,1095471.0,1558.951171875,0.0085807575
868,1,631739317,False,0.0,0,0,0,0.0,0.0,0.0,0.0,0.0,273025872,1092,5313562112.0,49785300.0,0.0,0.0,0.0609869925
869,3,631740195,False,0.464552819728851,1840,2780,6090,0.0168118128567538,0.00285857643516731,0.9136523632258,319.617958080706,0.00306924863027344,273025872,184,31407110421.25,876488400.0,800805698.0,2505509.0859375,1.07369829
870,2,631738847,False,0.338652670383453,7670,6290,6500,0.00184110159594141,0.00219372980726096,0.775689875066635,353.594080957099,0.000336120714624023,273025872,737,6453654016.0,125076596.0,97020649.125,274384.256835938,0.1532188301
871,1,631739904,False,0.273767352104187,6330,4030,4980,0.00117089873183574,0.000179632580501801,0.0797632932018632,444.035781143072,0.000213765128097534,273025872,239,204778189312.0,971439284.0,77485196.4375,174502.145385742,1.1900131229
872,1,631739397,False,0.0727713853120804,10710,2920,4540,1.23889708628005e-05,1.49540232996515e-06,0.000903351639863104,604.085998535156,2.26179247741699e-06,273025872,984,304803774464.0,1234691968.0,1115361.0,1846.36120605469,1.5124976608
873,2,631738734,False,0.497764855623245,3720,4650,5800,0.0135067874261551,0.00618387199938297,2.15150475502014,347.921966552734,0.002465866659375,273025872,597,31517442048.0,325516512.0,700350336.0,2012952.375,0.3987577272
874,1,631739765,False,0.0,0,0,0,0.0,0.0,0.0,0.0,0.0,273025872,445,30728847360.0,448366496.0,0.0,0.0,0.5492489576
875,3,631740562,True,0.998563170433044,6330,800,6190,0.0419577975620846,0.242351869214388,445.976323283888,1840.20170642617,0.00766002535205383,273025872,695,19659641852.8125,25801665.7363281,11506932019.6875,6253081.92004395,0.0316070405270019
876,3,631740757,False,0.643481552600861,4930,5340,8800,0.0138756984018434,0.00126262510017457,0.403261744700911,319.38359584738,0.00253321689200439,273025872,952,226888351744.0,1637803776.0,660463608.1875,2067932.15673828,2.0063096256
877,1,631739975,False,0.0508417524397373,11570,4420,4640,1.97385990582939e-05,6.80065431879484e-06,0.0030247257091105,444.769805908203,3.60357735595703e-06,273025872,145,18080510976.0,432560704.0,1308377.5,2941.69580078125,0.5298868624
878,3,631740465,False,0.452663242816925,6580,3840,6760,0.00894718681925355,0.00410483051502436,1.55354081856309,378.466495236984,0.00163344317021484,273025872,575,45265135616.0,324842400.0,504655928.0,1333422.99609375,0.39793194
879,1,631739562,False,0.584598183631897,9190,6960,5630,0.00695542116628197,0.000137860726681538,0.0541989170014858,393.142547607422,0.001269816471875,273025872,771,600690539904.0,7519073280.0,407525632.0,1036584.875,9.210864768
880,1,631739743,False,0.327495187520981,5490,2880,4390,0.00105540869950372,1.34339219485298e-05,0.00514217107015199,382.775118826319,0.000192680690234375,273025872,485,1912065359872.0,11708446720.0,60206836.0,157290.359375,14.342847232
881,3,631740422,False,0.272801041603088,8340,2180,4320,0.000888897529483189,7.01661726417949e-05,0.024944992586159,355.513086248919,0.000162281578320312,273025872,502,343214456832.0,1888014592.0,47096510.0,132474.7578125,2.3128178752
882,1,631739877,False,0.0,0,0,0,0.0,0.0,0.0,0.0,0.0,273025872,279,857787840.0,15462900.0,0.0,0.0,0.0189420525
883,3,631740744,False,0.0429428853094578,11460,6600,7080,4.0445712923982e-06,3.15799694747986e-05,0.0140920420491219,446.233555113714,7.38397161865234e-07,273025872,939,1256645760.0,19087200.0,268977.625,602.773193359375,0.02338182
884,3,631740349,False,0.0,0,0,0,0.0,0.0,0.0,0.0,0.0,273025872,380,80628588.0,20080800.0,0.0,0.0,0.02459898
885,3,631740513,False,0.485075205564499,8120,2740,5910,0.0251886499164751,0.0143973753793091,5.2937733779453,367.690168414525,0.00459856589609375,273025872,634,39757809664.0,260737200.0,1380283648.0,3753931.34375,0.31940307
886,2,631738731,False,0.336140006780624,9550,1240,8900,0.00143094059927331,0.000375093339243904,0.148444637656212,395.753875732422,0.000261239671875,273025872,593,73557262336.0,568543488.0,84397232.0,213256.875,0.6964657728
887,2,631738715,False,0.0228051897138357,9740,1910,9150,1.02840594697686e-06,1.9018519878955e-06,0.000707672035787255,372.096252441406,1.87750932693481e-07,273025872,573,19377086464.0,80587800.0,57029.73046875,153.266067504883,0.098720055
888,2,631739021,False,0.490500003099442,3190,4930,7970,0.0227044705490296,0.000650079629849643,0.249061420559883,383.124481201172,0.0041450416875,273025872,961,899393650688.0,5205066240.0,1296381184.0,3383707.5,6.376206144
889,1,631739644,False,0.0,0,0,0,0.0,0.0,0.0,0.0,0.0,273025872,643,11243853824.0,66125700.0,0.0,0.0,0.0810039825
890,3,631740085,False,0.338594526052475,7700,670,8560,0.00362619137332748,0.00024440770144132,0.100575640368543,411.507656163977,0.000662015631539917,273025872,22,482735204608.0,2211145232.0,222387347.65625,540420.923706055,2.7086529092
891,1,631739994,False,0.158798471093178,6340,5160,910,0.000332188708765981,0.000260676693869755,0.0796355456113815,305.495452880859,6.06460319335937e-05,273025872,120,41678905344.0,189917104.0,15124152.0,49506.96484375,0.2326484524
892,1,631739525,False,0.209108397364616,3370,3780,5200,0.000112124258345173,0.000110448010673281,0.0310329105705023,280.973022460938,2.04699653320312e-05,273025872,827,22630895616.0,151294496.0,4695108.5,16710.17578125,0.1853357576
893,2,631738346,False,0.127084940671921,7390,3520,8210,6.02589272890615e-05,0.000291680393274873,0.10066694766283,345.127593994141,1.10011711181641e-05,273025872,27,2144753408.0,30789000.0,3099434.75,8980.5478515625,0.037716525
894,3,631740676,False,0.971578299999237,6370,5280,6900,0.451632445150229,0.00592586643426727,3.76507606318458,635.362964209323,0.0824522777808297,273025872,856,1925259604520.0,11358335968.0,42764998870.7252,67307981.8619018,13.9139615608
895,1,631739800,False,0.234506264328957,9840,720,4180,0.00069594254271578,3.25813458468938e-05,0.0118387263841312,363.359034944834,0.000127054750976562,273025872,385,589112028672.0,3183360336.0,37686932.0,103718.1640625,3.8996164116
896,2,631739911,False,0.162036016583443,7440,1270,8540,0.000118351186478545,0.000160445939400233,0.081754058599472,509.542724609375,2.16067844726562e-05,273025872,312782616,28788563968.0,109932304.0,8987412.0,17638.19140625,0.1346670724
897,2,631738690,False,0.212610691785812,9830,4760,7070,0.000454624151173064,0.00057998497504741,0.320874482393265,553.246215820312,8.299845859375e-05,273025872,534,13000084480.0,116820000.0,37484556.0,67753.84375,0.1431045
898,1,631739850,False,0.239427760243416,4340,1560,3160,0.00019317712243967,4.81399365526158e-05,0.0148196313530207,307.844848632812,3.52673815429687e-05,273025872,320,55556083712.0,598041920.0,8862761.0,28789.69921875,0.732601352
899,3,631740668,False,0.241543397307396,8140,3070,10030,0.000704944083001857,0.000163516314818023,0.0706570697131796,432.110213539327,0.0001286981171875,273025872,847,158768070656.0,642502784.0,45397364.0,105059.6875,0.7870659104
900,2,631738789,False,0.293650478124619,7810,7070,8460,0.00145830320585564,0.000372848997358233,0.124950334429741,335.123138427734,0.000266235126171875,273025872,663,98555215872.0,582902976.0,72833920.0,217334.796875,0.7140561456
901,2,631738669,False,0.582905530929565,3600,5680,6720,0.0433373107906015,0.00165858634370741,0.666036297785647,401.568661355831,0.0079118761859375,273025872,493,667587383296.0,3894083936.0,2593601248.0,6458674.4375,4.7702528216
902,3,631740087,False,0.52695107460022,6390,5840,6640,0.036642010050955,0.0283197397763718,11.6228644247642,410.415650586648,0.0066895486,273025872,576073704,35116895232.0,192828608.0,2241220768.0,5460856.0,0.2362150448
903,2,631738854,False,0.209188282489777,10300,2280,8890,0.000217617943795579,0.000371905189240351,0.192648783326149,518.005065917969,3.97294201171875e-05,273025872,750,11327828992.0,87205504.0,16800034.0,32432.1796875,0.1068267424
904,1,631739988,False,0.149626776576042,5960,4660,5280,9.97890841225582e-05,8.04840337575346e-05,0.038487278492146,478.197683382674,1.82179942382812e-05,273025872,127,37242551296.0,184779904.0,7111675.625,14871.83203125,0.2263553824
905,3,631740593,False,0.993378639221191,7220,4940,5930,0.0297565016251456,0.023400573421351,21.8751262874908,934.811548999549,0.00543249574765625,273025872,741,53778807296.0,189512040.0,4145599808.0,4434690.40625,0.232152249
906,2,631739171,False,0.0,0,0,0,0.0,0.0,0.0,0.0,0.0,273025872,196,2260647424.0,99129600.0,0.0,0.0,0.12143376
907,1,631739652,False,0.351481229066849,7480,7410,2340,0.00132418914101998,0.000134312226793724,0.0414011743981683,308.245759797818,0.000241750591796875,273025872,631,231173029888.0,1469318368.0,60831506.0,197347.421875,1.7999150008
908,2,631738941,False,0.0228994805365801,9990,2500,9460,8.44532110169058e-07,7.63402022130322e-06,0.00443631317466497,581.124084472656,1.54182005500793e-07,273025872,869,2923808512.0,16487100.0,73141.9375,125.862861633301,0.0201966975
909,1,631739799,False,0.0549319982528687,10350,6940,4950,8.01771691300296e-06,3.34715594891125e-07,0.000120255684691363,359.277208850935,1.46375449589118e-06,273025872,386,250393157632.0,3569901276.0,429300.922225952,1194.90162929893,4.3731290631
910,1,631740035,False,0.299825310707092,7590,4380,5100,0.00403483912233062,0.000834674951891706,0.376044403161116,450.52795978704,0.000736620408227539,273025872,51,115680557056.0,720427492.0,270912726.25,601322.782226562,0.8825236777
911,2,631738660,False,0.334133446216583,8040,4250,7770,0.000618924225959561,0.000292890415330258,0.0937236774671689,319.995713623772,0.000112993901904297,273025872,475,34933852160.0,314929800.0,29516379.0,92239.919921875,0.385789005
912,1,631739872,False,0.0,0,0,0,0.0,0.0,0.0,0.0,0.0,273025872,287,477805568.0,3490200.0,0.0,0.0,0.004275495
913,1,631739890,False,0.262303709983826,4210,4530,5250,0.00264871084338623,0.000466126395622268,0.166947484016418,358.159240722656,0.00048356189765625,273025872,258,108475006976.0,846861312.0,141381360.0,394744.40625,1.0374051072
914,3,631740963,False,0.166196197271347,9880,5300,6970,0.000252220705494478,0.000129943589728862,0.0638358541020241,491.258200848712,4.60466733398437e-05,273025872,549009215,26760571904.0,289272608.0,18465964.0,37589.12109375,0.3543589448
915,2,631738420,False,0.360081434249878,9730,2780,9430,0.00828215473709786,0.00191976793576032,0.680742502212524,354.596252441406,0.0015120315875,273025872,139,113221541888.0,642948288.0,437682240.0,1234311.5,0.7876116528
916,2,631739900,False,0.338594526052475,7700,670,8560,0.000463553716880259,0.000899153237696737,0.330436527729034,367.497467041016,8.4628684765625e-05,273025872,312782604,14964736000.0,76833000.0,25388430.0,69084.640625,0.094120425
917,2,631738858,False,0.531837105751038,4290,6550,7880,0.011685090180612,0.00101208919659257,0.364689588546753,360.333465576172,0.0021332885,273025872,754,263355334656.0,1720658688.0,627506304.0,1741460.0,2.1078068928
918,2,631738503,False,0.133349224925041,8450,2630,9640,9.03910349378329e-05,0.00037710415199399,0.158459544181824,420.201019287109,1.65022393798828e-05,273025872,249,7770706944.0,35722800.0,5660618.5,13471.2158203125,0.04376043
919,1,631739624,False,0.246444746851921,9630,630,4530,0.000411489807017426,0.000268637464614585,0.0853021889925003,317.536468505859,7.51236370117187e-05,273025872,671,30231582720.0,228283200.0,19473056.0,61325.41796875,0.27964692
920,3,631740563,False,0.958819925785065,4000,5060,9330,2.04030457081338,0.00159125608932835,0.665944302450648,418.502280630225,0.372488205922058,273025872,695,29398287804614.5,191089295352.0,127254827498.973,304072004.834333,234.0843868062
921,3,631740882,False,0.0395805425941944,13160,5830,6440,9.00539243971531e-06,1.34931961087583e-06,0.000398997996743804,295.70310364408,1.64406947937012e-06,273025872,1098,46348871680.0,994647616.0,396862.40625,1342.09753417969,1.2184433296
922,2,631738859,False,0.119655005633831,7000,3630,10500,6.31832680586151e-05,5.40040346095338e-05,0.0230206586420536,426.276641845703,1.15350533935547e-05,273025872,755,35987574784.0,174364192.0,4013978.5,9416.3701171875,0.2135961352
923,1,631739471,False,0.529114842414856,4830,6860,5060,0.00432451346825751,0.00123989978516685,0.434841136450468,350.706679404701,0.00078950480546875,273025872,904,64991815680.0,519795008.0,226028252.0,644493.71875,0.6367488848
924,3,631740505,False,0.761689603328705,4830,4620,7140,0.845265922692365,0.0025764379894883,1.00367598634612,389.559535467591,0.154315973984813,273025872,623,7613118186016.0,48893947448.0,49073680931.2266,125972223.661072,59.8950856238
925,3,631740818,False,0.520143568515778,950,5880,7080,0.00746738866490061,0.000298184716277178,0.0931176693301272,312.281831519391,0.00136328381875,273025872,1016,148591452160.0,3732199168.0,347533688.0,1112884.75,4.5719439808
926,1,631739762,False,0.0886765867471695,5250,1170,3060,3.56132529404074e-05,2.56503135460662e-05,0.00642210431396961,250.371383666992,6.50173355712891e-06,273025872,450,17237125120.0,206919008.0,1328855.5,5307.53759765625,0.2534757848
927,3,631740112,False,0.413331985473633,6950,4110,5760,0.0151488449296027,0.0142198582611144,5.79737141620198,407.695443213768,0.0027656488890625,273025872,59,29335493632.0,158768992.0,920442816.0,2257672.5625,0.1944920152
928,3,631740734,False,0.168412938714027,10060,3840,7880,6.89652564746464e-05,1.69795777782235e-06,0.00135199179767963,796.245828570354,1.25906421142578e-05,273025872,928,1313388888064.0,6053198336.0,8183874.5,10278.0751953125,7.4151679616
929,1,631738479,False,0.259001880884171,9640,2590,1190,0.000335039567841472,8.65247115462641e-05,0.0315543205940948,364.685649107572,6.11664990234375e-05,273025872,312782628,84767173888.0,577081796.0,18209424.0,49931.8359375,0.7069252001
930,2,631738533,False,0.240358948707581,6500,7070,7640,8.30870109009842e-05,0.00110253470484167,0.30703529715538,278.481292724609,1.51687802246094e-05,273025872,292,1385851904.0,11231100.0,3448344.0,12382.677734375,0.0137580975
931,2,631739054,False,0.0,0,0,0,0.0,0.0,0.0,0.0,0.0,273025872,989,10116146176.0,225916192.0,0.0,0.0,0.2767473352
932,3,631740729,False,0.528917729854584,9530,3390,910,0.0245363792141624,0.00514442293217786,1.91603498054863,372.448961877536,0.00447948409470215,273025872,922,122663317376.0,710812808.0,1361942204.75,3656721.70996094,0.8707456898
933,2,631738971,True,0.636184692382812,7070,4730,6110,0.00155826672217866,0.130684778094292,145.611770629883,1114.22131347656,0.000284484965625,273025872,907,909887744.0,1777044.125,258758544.0,232232.625,0.002176879053125
934,1,631738459,False,0.0,0,0,0,0.0,0.0,0.0,0.0,0.0,273025872,312782652,1776405248.0,14726700.0,0.0,0.0,0.0180402075
935,1,631739414,False,0.129658907651901,5630,6050,2790,2.615152158663e-05,8.90383580554044e-06,0.00242358935065567,272.196075439453,4.77435256347656e-06,273025872,966,78653054976.0,437724896.0,1060865.375,3897.4306640625,0.5362129976
936,1,631740013,False,0.120763920247555,9010,6280,3750,5.05683011790724e-06,2.81232514680596e-05,0.00713266665115952,253.621704101562,9.232001953125e-07,273025872,93,38434388.0,26797500.0,191137.640625,753.6328125,0.0328269375
937,2,631739028,False,0.401806503534317,6210,700,6380,0.00164977770751249,0.000817520718555897,0.342954993247986,419.506195068359,0.00030119166875,273025872,965,38068784448.0,300751712.0,103144304.0,245870.75,0.3684208472
938,3,631740367,False,0.033834557980299,10200,6430,3100,2.64030689392726e-06,1.74776247781107e-06,0.000718514424776717,411.105304009386,4.82027630615234e-07,273025872,413,293629496.0,225140400.0,161766.625,393.491943359375,0.27579699
939,1,631740033,False,0.257683485746384,7830,5580,5030,0.000488026751184983,0.00327550456859171,0.965800166130066,294.855407714844,8.9096604296875e-05,273025872,54,2661394176.0,22204800.0,21445400.0,72731.921875,0.02720088
940,2,631738970,False,0.287632286548615,6450,1390,6520,0.00124636171309741,0.00100134941749275,0.345388144254684,344.922729492188,0.00022754202734375,273025872,906,24334351659.75,185498288.0,64068912.0,185748.59375,0.2272354028
941,3,631740399,False,0.187235116958618,8270,2450,9500,9.66153485540004e-05,0.000907059366574379,0.321845888296733,354.823399831285,1.76385812011719e-05,273025872,456,1881313600.0,15874200.0,5109046.0,14398.841796875,0.019445895
942,1,631739451,False,0.0,0,0,0,0.0,0.0,0.0,0.0,0.0,273025872,927,226987936.0,11122200.0,0.0,0.0,0.013624695
943,2,631738645,False,0.481455683708191,2950,4620,7660,0.00950730570430497,0.00838708970695734,2.54533624649048,303.482635498047,0.001735701275,273025872,448,10196134912.0,168938096.0,430004256.0,1416899.0,0.2069491676
944,1,631739539,False,0.00234240316785872,4870,4300,1320,4.73490578478578e-08,7.30639548862655e-09,1.69746567735274e-06,232.32600402832,8.64428079128265e-09,273025872,806,184485543936.0,965805312.0,1639.42138671875,7.05655574798584,1.1831115072
945,3,631740162,False,0.453300982713699,7390,3140,6660,0.0113564679458218,0.000611478080716508,0.231051315780765,377.857069725259,0.00207329358139122,273025872,138,415982210048.0,2767858096.0,639517254.975243,1692484.55623773,3.3906261676
946,1,631739833,False,0.0406734198331833,5810,3610,5690,2.28907595358665e-06,3.65951236744877e-05,0.0194190293550491,530.645263671875,4.17905153656006e-07,273025872,338,694764736.0,9322200.0,181028.078125,341.147064208984,0.011419695
947,1,631739512,False,0.117870084941387,9530,4240,3040,4.29002793390896e-05,1.52301827256451e-05,0.00534790987148881,351.138916015625,7.83208953857422e-06,273025872,843,70679420928.0,419794208.0,2245021.5,6393.54248046875,0.5142479048
948,3,631740394,False,0.0558471977710724,5620,3690,5780,1.1830283265378e-05,3.02763097377148e-05,0.0119264179099352,393.919140517927,2.15979567565918e-06,273025872,449,1386385024.0,58233600.0,694518.25,1763.09851074219,0.07133616
949,3,631740919,False,0.251106530427933,6220,1990,7560,0.00298919033691915,0.000461237682108797,0.117391490531875,254.514093460787,0.00054572153671875,273025872,484682512,26916131840.0,965851200.0,113382712.0,445486.96875,1.18316772
950,2,631738872,False,0.546902656555176,6330,800,6400,0.00317431293783079,0.00143509777262807,0.618127882480621,430.721771240234,0.00057951844453125,273025872,774,57188141696.0,329647424.0,203764256.0,473076.28125,0.4038180944
951,3,631740414,False,0.761689603328705,4830,4620,7140,0.45440405584644,0.00289197380228481,1.17396078802842,405.937559704356,0.0829582768902344,273025872,485,3814589202432.0,23416893440.0,27490514676.0,67721042.359375,28.685694464
952,3,631740455,False,0.691186666488647,6840,5820,3210,0.00903562289645862,0.00200028536221166,0.796278214807364,398.082308579681,0.00164958850273437,273025872,559,138932264960.0,673205376.0,536058775.0,1346602.859375,0.8246765856
953,1,631739507,False,0.0,0,0,0,0.0,0.0,0.0,0.0,0.0,273025872,849,2649071360.0,23471100.0,0.0,0.0,0.0287520975
954,1,631740021,False,0.0,0,0,0,0.0,0.0,0.0,0.0,0.0,273025872,74,13964592128.0,93168896.0,0.0,0.0,0.1141318976
955,1,631739703,False,0.0,0,0,0,0.0,0.0,0.0,0.0,0.0,273025872,565,28004335616.0,129204000.0,0.0,0.0,0.1582749
956,1,631739642,False,0.351481229066849,7480,7410,2340,0.000916037869339765,0.000121463630459877,0.0360331398421709,296.657853101745,0.000167236454492187,273025872,647,174441521152.0,1123954176.0,40499598.0,136519.5546875,1.3768438656
957,2,631738795,True,0.339842230081558,6210,530,6320,1.81323877783066e-05,0.152194574475288,295.015014648438,1938.40686035156,3.31033939208984e-06,273025872,671,6864030.5,17755.677734375,5238191.5,2702.31787109375,2.17507052246094e-05
958,2,631738835,False,0.069154180586338,12740,5200,6310,3.67530391018038e-06,2.93479584866271e-06,0.00155798544451562,530.866719477452,6.70981861877441e-07,273025872,720,9498924032.0,186636592.0,290777.09375,547.740295410156,0.2286298252
959,2,631738767,False,0.0164571385830641,10250,1880,5750,1.39389018341203e-06,2.54287588177249e-05,0.0185778066515923,730.58251953125,2.54475562667847e-07,273025872,633,608537984.0,8169300.0,151767.671875,207.735153198242,0.0100073925
960,1,631739943,False,0.014203418046236,12500,7380,5400,5.24214846113654e-07,3.09616751792419e-07,9.30543392314576e-05,300.546844482422,9.57032838821411e-08,273025872,190,322928640.0,252328496.0,23480.26171875,78.125129699707,0.3091024076
961,2,631739029,False,0.271305024623871,7720,6010,9450,0.00252873734570596,0.00086096185259521,0.294577300548553,342.149078369141,0.0004616589359375,273025872,966,77714890752.0,437724896.0,128943816.0,376864.4375,0.5362129976
962,1,631739436,False,0.100989311933517,5250,1320,4230,3.36810362651848e-05,3.02350963465869e-06,0.00112101505510509,370.766143798828,6.14897841796875e-06,273025872,943,226183020544.0,1660181376.0,1861088.25,5019.57421875,2.0337221856
963,3,631740613,False,0.627866685390472,4030,2750,6170,0.00216736561869446,0.000357981622601695,0.198796733695074,555.326645681651,0.00039568510625,273025872,772,171888590848.0,902304000.0,179375088.0,323008.25,1.1053224
964,1,631739287,False,0.0,0,0,0,0.0,0.0,0.0,0.0,0.0,273025872,1139,5221678592.0,26278200.0,0.0,0.0,0.032190795
965,3,631740797,True,1.0,6860,5320,6170,0.0353975576579516,0.221170596801176,655.473848639344,2963.65727686935,0.00646235514768104,273025872,991,20650101810.4375,23852139.6315308,15634453762.5625,5275391.95729065,0.0292188710486252
966,1,631739731,False,0.235414981842041,5590,6420,5240,0.000233899558092484,0.000190600170753896,0.0717074051499367,376.218994140625,4.2701873046875e-05,273025872,515,28880605184.0,182888992.0,13114495.0,34858.671875,0.2240390152
967,3,631740081,False,0.472734183073044,9270,2080,5870,0.00972655224986998,0.00077071007059732,0.289874360596862,376.113368250401,0.00177572802080078,273025872,17,325315149824.0,1880829056.0,545204120.0,1449573.89453125,2.3040155936
968,3,631740454,False,0.253535091876984,5190,1800,9280,0.0008526476776432,0.000349202110831879,0.108134607236414,309.661951867393,0.000155663624084473,273025872,558,31631581184.0,363893408.0,39349470.75,127072.346191406,0.4457694248
969,1,631740058,False,0.404277235269547,4710,2790,5670,0.000490147930616808,0.00129150284919888,0.36798158288002,284.925109863281,8.9483857421875e-05,273025872,19,3799771392.0,56560500.0,20813222.0,73048.046875,0.0692866125
970,1,631739377,False,0.0,0,0,0,0.0,0.0,0.0,0.0,0.0,273025872,1010,20896753664.0,81598496.0,0.0,0.0,0.0999581576
971,2,631738611,False,0.0946233049035072,8470,4830,5710,2.31172564226809e-05,0.0002049266040558,0.0419624000787735,204.767944335938,4.22040194091797e-06,273025872,397,369405792.0,16812000.0,705471.875,3445.22607421875,0.0205947
972,1,631739515,False,0.33911344408989,4780,6600,2710,0.00152465946692527,8.45348406098634e-05,0.0221656237478112,262.206962098713,0.00027834945703752,273025872,840,69674277248.0,2687933696.0,59579726.9645996,227224.046561241,3.2927187776
973,2,631738588,False,0.653720557689667,6890,3900,6150,0.0186526370452118,0.00446544261649251,1.87951326370239,420.901885986328,0.0034053187,273025872,362,109634854912.0,622525504.0,1170044928.0,2779852.0,0.7625937424
974,3,631740707,False,0.071652926504612,5270,5430,5870,1.48411147783889e-05,3.23311382187874e-06,0.00136974134437093,423.660105964034,2.70946813371181e-06,273025872,900,4721384704.0,684111616.0,937055.964599609,2211.8107213974,0.8380367296
975,3,631740343,False,0.0,0,0,0,0.0,0.0,0.0,0.0,0.0,273025872,372,953954720.0,48121200.0,0.0,0.0,0.05894847
976,2,631738758,False,0.171592175960541,6670,1470,6280,5.15112965948554e-05,0.000353202922269702,0.110695332288742,313.404357910156,9.40415991210937e-06,273025872,622,1636314880.0,21735000.0,2405963.0,7676.865234375,0.026625375
977,3,631740671,False,0.0,0,0,0,0.0,0.0,0.0,0.0,0.0,273025872,850,269300048.0,76561200.0,0.0,0.0,0.09378747
978,2,631739246,False,0.14717324078083,8950,5280,5870,1.62770929513633e-05,0.000142160002724268,0.0395801886916161,278.419982910156,2.97162749023437e-06,273025872,607344858,2829602816.0,17064000.0,675396.3125,2425.818359375,0.0209034
979,1,631740068,False,0.0849883630871773,10560,1740,5500,3.98142032513519e-06,2.96605964703639e-07,0.000284359997378369,958.713010584579,7.26868005466461e-07,273025872,4,283047936000.0,2000504736.0,568863.521484375,593.361637115479,2.4506183016
980,2,631739009,False,0.62622457742691,9480,6900,5730,0.00218580360223165,0.00051301669350363,0.14645551744193,285.479048336063,0.000399051236732101,273025872,948,10550137336.0,634981504.0,92996544.734375,325756.111618042,0.7778523424
981,3,631740802,True,1.0,7270,4930,6090,0.999999799761831,0.52001460244242,2042.22921837295,3927.25359784311,0.1825649644,273025872,997,661867003904.0,286593152.0,585288908800.0,149032624.0,0.3510766112
982,1,631739502,False,0.603384673595428,7030,5450,5660,0.0800146710739837,0.0020908189071833,1.00338718480007,479.901526312393,0.0146078785011544,273025872,856,938279144704.0,5703410628.0,5722729133.78774,11924798.7764526,6.9866780193
983,3,631740146,False,0.350473701953888,6460,6480,5790,0.00313519682485343,0.00253205780190904,0.874860869961048,345.513783019269,0.000572377211328125,273025872,118,13969706496.0,184532400.0,161440176.0,467246.703125,0.22605219
984,2,631739257,False,0.145021706819534,7600,7260,5820,8.13178149432346e-05,0.000330240756738931,0.0984498783946037,298.115478515625,1.48457869628906e-05,273025872,10671,1225720192.0,36697500.0,3612864.5,12119.009765625,0.0449544375
985,3,631740300,False,0.732231080532074,8950,3800,6920,0.661834781569038,0.00514577059962157,2.01799513706887,392.165779255157,0.120827867530184,273025872,323,2632880672032.0,19168167720.0,38681269245.4805,98634993.9021912,23.481005457
986,3,631740687,False,0.496658235788345,6930,3570,10730,0.0519780207578615,0.0069520925233681,2.65171447813349,381.426810592677,0.009489367409375,273025872,873,136121159680.0,1114257664.0,2954693180.0,7746422.375,1.3649656384
987,3,631740372,False,0.316842347383499,9230,1350,9350,0.000594448242951223,0.000531659952630988,0.203533509528713,382.826482456505,0.000108525444042969,273025872,421,26438115328.0,166633200.0,33915440.0,88592.19921875,0.20412567
988,3,631740703,False,0.710138022899628,9160,3530,10310,0.0901269115346458,0.00871624202999804,4.07387306321318,467.388703662936,0.0164540196905273,273025872,895,280828810752.0,1541014208.0,6277896272.0,13431852.8085938,1.8877424048
989,2,631738452,False,0.464552819728851,1840,2780,6090,0.0168118128567538,0.00571715287033462,1.8273047264516,319.617958080706,0.00306924863027344,273025872,184,17909760332.5,438244200.0,800805698.0,2505509.0859375,0.536849145
990,2,631738673,False,0.198300927877426,8290,2230,7130,0.000367643003647228,5.80406667722855e-05,0.020889351144433,359.908874511719,6.71187453125e-05,273025872,502,166438289408.0,944007296.0,19719700.0,54790.8125,1.1564089376
991,2,631738471,False,0.308954387903214,7920,6020,6600,0.000686052617004852,0.00293385447002947,1.33471727371216,454.936401367188,0.000125249196679687,273025872,210,4349724672.0,34849800.0,46514628.0,102244.2421875,0.042691005
992,1,631739817,False,0.313138633966446,6500,470,3860,0.000226631855531486,5.35470342636811e-05,0.0188134866901905,351.345073520738,4.1375044921875e-05,273025872,361,122205992448.0,630764100.0,11866872.0,33775.546875,0.7726860225
993,3,631740966,False,0.0101264463737607,9850,5280,7550,3.26892105223237e-07,7.65552192136451e-07,0.000374378360848686,489.030486352467,5.96790575027466e-08,273025872,549009223,5791808000.0,63637200.0,23824.390625,48.7175979614258,0.07795557
994,3,631740964,False,0.122022688388824,8540,5240,6030,1.69481196038075e-05,0.000129116225114889,0.040734949443831,315.49055440232,3.09413347167969e-06,273025872,607344830,2209816832.0,19562400.0,796873.375,2525.8232421875,0.02396394
995,3,631740909,False,0.0,0,0,0,0.0,0.0,0.0,0.0,0.0,273025872,196,3493300864.0,198259200.0,0.0,0.0,0.24286752
996,3,631740945,False,0.303289532661438,8860,1770,9890,0.00197907207037735,0.000665977452886439,0.253465168774699,380.591216228336,0.000361309294421387,273025872,312782574,84943729024.0,442877400.0,112253994.9375,294946.362792969,0.542524815
997,2,631738367,False,0.582905530929565,3600,5680,6720,0.0278279500705671,0.00209393235854805,0.880966305732727,420.723358154297,0.00508040973125,273025872,56,370213683200.0,1980614656.0,1744854784.0,4147273.25,2.4262529536
998,2,631738871,True,0.439590156078339,6230,800,6320,0.000376101982468315,0.179939404129982,335.846130371094,1866.44018554688,6.86630587890625e-05,273025872,774,209216896.0,311501.96875,104616728.0,56051.4765625,0.00038158991171875
999,3,631740199,False,0.321526080369949,6470,4860,5840,0.00320291143128255,0.00584797218761256,2.78835204092884,476.806652199074,0.000584739528515625,273025872,189,19102287872.0,81624600.0,227598120.0,477338.390625,0.099990135
1000,3,631740313,False,0.309026151895523,7310,6240,8670,0.00113530323746284,0.000261919561962783,0.106138496405396,405.233177735986,0.000207266636633301,273025872,334,134442319872.0,645989376.0,68564341.0625,169197.254394531,0.7913369856
1001,2,631738895,False,0.453450798988342,6040,1910,6230,0.00138015946722005,0.00125783251132816,0.398895531892776,317.129302978516,0.000251968814453125,273025872,810,20551612416.0,163526400.0,65229952.0,205688.828125,0.20031984
1002,1,631739782,False,0.185542464256287,9230,1400,2000,8.27970550455996e-05,0.000148103310493752,0.0555150099098682,374.839752197266,1.51158444335937e-05,273025872,421,10954641408.0,83316600.0,4625322.0,12339.46484375,0.102062835
1003,3,631740359,False,0.0447534024715424,9690,6420,6770,5.25566857436373e-06,9.68456617019661e-07,0.000322776066867036,333.289133653039,9.59501138305664e-07,273025872,398,52999363584.0,808777824.0,261054.125,783.266235351562,0.9907528344
1004,1,631739649,False,0.280352652072906,8010,2910,5380,0.001770557236602,0.0020240368321538,0.809694826602936,400.039581298828,0.00032324178359375,273025872,634,18214498304.0,130368600.0,105558784.0,263870.84375,0.159701535
1005,1,631739426,False,0.0,0,0,0,0.0,0.0,0.0,0.0,0.0,273025872,954,23022706688.0,133981200.0,0.0,0.0,0.16412697
1006,3,631740679,False,0.324829697608948,7430,2520,9340,0.0100214891602423,0.000800462287943319,0.28887167587009,360.881056136083,0.001829573178125,273025872,862,302680260608.0,1865833216.0,538986368.0,1493529.125,2.2856456896
1007,2,631739142,False,0.992675125598907,6470,5200,6960,1.10457285538573,0.0243529286235571,12.273323059082,503.977264404297,0.2016563444,273025872,1097,1140462580736.0,6759655936.0,82963439616.0,164617424.0,8.2805785216
1008,1,631739484,False,0.161079630255699,8000,1950,5010,0.000513687904179676,3.91347019136777e-05,0.0116798303598328,298.452007775499,9.37814327178955e-05,273025872,886,345205363072.0,1956224728.0,22848372.96875,76556.2716064453,2.3963752918
1009,3,631740391,False,0.950476229190826,7000,4960,5970,0.10836295198513,0.00910591676721791,6.19763233441475,680.615965734144,0.0197832824328125,273025872,444,351876611072.0,1773530192.0,10991688064.0,16149618.3125,2.1725744852
1010,3,631740543,False,0.42192268371582,4450,5110,2530,0.00962500496517782,0.00949110487300857,2.95951458693938,311.819817243389,0.00175718904067383,273025872,675,19986677760.0,151135200.0,447286829.0,1434440.03320312,0.18514062
1011,2,631738719,False,0.175581067800522,5980,1480,8170,3.60050963346706e-05,2.27941436605761e-05,0.0080204838886857,351.865997314453,6.57327044677734e-06,273025872,577,46555885568.0,235408496.0,1888090.125,5365.93505859375,0.2883754076
1012,3,631740428,False,0.37716019153595,5540,6570,6160,0.00501329173582973,0.00204261657222924,0.760360730185445,372.248389895131,0.000915251610546875,273025872,515,58166267904.0,365777984.0,278123215.0,747144.171875,0.4480780304
1013,3,631740795,False,0.0,0,0,0,0.0,0.0,0.0,0.0,0.0,273025872,989,20386690048.0,451832384.0,0.0,0.0,0.5534946704
1014,2,631738798,False,0.243338420987129,8440,5470,6300,0.00023725167057167,0.00247539160773158,0.665245473384857,268.743530273438,4.33138514648437e-05,273025872,673,461252544.0,14283900.0,9502300.0,35358.24609375,0.0174977775
1015,1,631739199,False,0.44746795296669,9010,4680,3320,0.0059126073366045,0.000454683497082442,0.145682811737061,320.404907226562,0.0010794351640625,273025872,10703,471915298816.0,1937988864.0,282331680.0,881171.5625,2.3740363584
1016,2,631739225,False,0.0461095385253429,10090,5530,6950,3.32842169335729e-06,7.9235112934839e-05,0.0303836222738028,383.461578369141,6.07653309631348e-07,273025872,549009219,823541952.0,6260400.0,190213.625,496.043518066406,0.00766899
1017,2,631738621,True,0.979528307914734,7410,5030,6000,0.00821531703580752,0.284402012825012,485.093292236328,1705.66064453125,0.0014998293625,273025872,414,4063951872.0,4304999.5,2088326400.0,1224350.5,0.0052736243875
1018,3,631740849,False,0.00896847154945135,10510,3970,2340,4.69599172783292e-07,1.36573220754783e-08,6.08871748113452e-06,445.820743443313,8.57323734283447e-08,273025872,1056,851662667776.0,5124402176.0,31201.037109375,69.9856109619141,6.2773926656
1019,3,631740299,False,0.631885945796967,7040,1750,9710,0.0428393587070157,0.000291902705410411,0.101129194871737,346.448295946936,0.00782096756332139,273025872,322,3609327210304.0,21871888128.0,2211886436.70935,6384463.31699705,26.7930629568
1020,2,631738490,False,0.248313069343567,8170,1860,9310,0.000161816480022478,0.000264070404227823,0.127666622400284,483.456817626953,2.95420258300781e-05,273025872,233,22746712064.0,91323904.0,11659015.0,24115.939453125,0.1118717824
1021,1,631739412,False,0.0,0,0,0,0.0,0.0,0.0,0.0,0.0,273025872,968,165687984128.0,683594112.0,0.0,0.0,0.8374027872
1022,1,631739591,False,0.0,0,0,0,0.0,0.0,0.0,0.0,0.0,273025872,721,104658313216.0,460638016.0,0.0,0.0,0.5642815696
1023,2,631738604,False,0.247199907898903,8740,4690,9090,0.00342764353536561,0.000111383058538195,0.0512903109192848,460.485748291016,0.0006257677453125,273025872,382,1122451980288.0,4586252288.0,235230304.0,510830.8125,5.6181590528
1024,1,631740003,False,0.0,0,0,0,0.0,0.0,0.0,0.0,0.0,273025872,106,351396736.0,3250800.0,0.0,0.0,0.00398223
1025,1,631739534,False,0.144026145339012,3500,4670,5580,0.000146361341479877,9.60383695201017e-05,0.0380907133221626,396.619720458984,2.67204584472656e-05,273025872,814,22828662784.0,227124000.0,8651315.0,21812.619140625,0.2782269
1026,1,631739910,False,0.0,0,0,0,0.0,0.0,0.0,0.0,0.0,273025872,233,20079319040.0,91323904.0,0.0,0.0,0.1118717824
1027,2,631738388,False,0.0245862044394016,11580,5340,8090,1.09712128689578e-06,5.935169156146e-07,0.000370479741832241,624.2109375,2.00295948791504e-07,273025872,96,34889113600.0,275488192.0,102062.796875,163.506896972656,0.3374730352
1028,2,631738589,False,0.837775468826294,3420,2790,6330,0.0278904934109674,0.00943079218268394,2.87428283691406,304.776397705078,0.00509182795625,273025872,363,51502661632.0,440747104.0,1266831872.0,4156594.25,0.5399152024
1029,3,631740552,True,0.295591294765472,6490,1050,6090,4.86240865564778e-05,0.224243307841006,446.599782226511,1991.58577585362,8.8770564086914e-06,273025872,687,22237448.0,32315.6875,14432179.0,7246.57666015625,3.95867171875e-05
1030,2,631739116,False,0.0,0,0,0,0.0,0.0,0.0,0.0,0.0,273025872,1064,381814472704.0,2300333312.0,0.0,0.0,2.8179083072
1031,1,631739222,False,0.126163989305496,8240,5400,5570,3.20180558879518e-05,0.000131987268105149,0.0390032380819321,295.507568359375,5.84537640380859e-06,273025872,607344834,7237972480.0,36153000.0,1410084.0,4771.73583984375,0.044287425
1032,1,631739831,False,0.356367379426956,5370,6290,4340,0.000586998507087116,6.4221050706692e-05,0.0228191483765841,355.321929931641,0.000107165383007812,273025872,342,189718249472.0,1362200448.0,31084254.0,87481.9453125,1.6686955488
1033,3,631740546,False,0.50202751159668,9670,5120,5870,0.0027194832161471,0.000748479580216772,0.284121444042483,379.598123385272,0.000496482455957031,273025872,679,46942732288.0,541486784.0,153848007.0,405291.80078125,0.6633213104
1034,3,631740356,False,0.152019307017326,7760,480,7990,0.000372492836819138,7.7826194855842e-05,0.0288323721767335,370.471307637999,6.80041551101685e-05,273025872,394,143700594368.0,713302200.0,20566194.5048828,55513.5960083008,0.873795195
1035,3,631740733,False,0.378689527511597,3860,2850,6790,0.000478857934219216,0.00320824426597256,0.591986837136538,184.52050032951,8.742269921875e-05,273025872,927,554756576.0,22244400.0,13168392.0,71365.46875,0.02724939
1036,1,631739213,False,0.0425437390804291,8260,5430,5490,4.29330181400493e-06,7.45450088288635e-05,0.0188755299896002,253.209854125977,7.83806649780273e-07,273025872,607344862,1429776256.0,8583300.0,162014.34375,639.842163085938,0.0105145425
1037,1,631739936,False,0.0863083675503731,10690,4920,4860,3.68689583744637e-05,6.71956831865828e-06,0.00442295288667083,658.219787597656,6.73098142089844e-06,273025872,202,118499868672.0,817713024.0,3616706.25,5494.6787109375,1.0016984544
1038,3,631740167,False,0.0675495192408562,10510,3730,6210,4.8423017733371e-05,8.34173189232158e-06,0.00436359505740031,523.104208301987,8.84034827880859e-06,273025872,145,34364237312.0,865121408.0,3775039.5,7216.61083984375,1.0597737248
1039,3,631740210,False,0.1114886328578,10840,6960,5700,0.000103276689532811,0.000146254034834051,0.0628990377123266,430.067025389732,1.88547089233398e-05,273025872,206,7140390656.0,105238800.0,6619419.25,15391.5991210938,0.12891753
1040,3,631740525,False,0.0374441407620907,10690,5300,6060,2.06012304238703e-06,1.12468534971518e-05,0.00670537372521869,596.199970677737,3.76106365203857e-07,273025872,653,2532835072.0,27298800.0,183048.65625,307.025604248047,0.03344103
1041,3,631740139,False,0.0,0,0,0,0.0,0.0,0.0,0.0,0.0,273025872,106,631659840.0,6501600.0,0.0,0.0,0.00796446
1042,1,631739395,False,0.103611893951893,7180,2790,2420,8.56153407751668e-05,3.80617457267363e-05,0.0110182007774711,289.482269287109,1.56303647705078e-05,273025872,986,11604028416.0,335231104.0,3693643.5,12759.4814453125,0.4106581024
1043,3,631740170,False,0.210998624563217,4630,4460,9550,0.000342971711616843,0.000387323985352399,0.126086748959967,325.533025911757,6.2614630859375e-05,273025872,148,25106709504.0,131967000.0,16639290.0,51113.984375,0.161659575
1044,3,631740251,False,0.253608971834183,6380,3800,6600,0.000857470508471306,0.000341647633952598,0.148481497546553,434.604202665587,0.000156544104199219,273025872,255,80535117824.0,374043584.0,55538551.5,127791.10546875,0.4582033904
1045,1,631739982,False,0.0,0,0,0,0.0,0.0,0.0,0.0,0.0,273025872,135,1356813312.0,19389600.0,0.0,0.0,0.02375226
1046,3,631740456,False,0.393995940685272,4410,5560,5720,0.00493013263240171,0.00196640811002347,0.72392938655088,368.148088314303,0.00090006966875,273025872,564,48852070400.0,373651200.0,270497084.0,734750.75,0.45772272
1047,2,631738456,False,0.321526080369949,6470,4860,5840,0.00193958374254279,0.00708270072937012,3.12591242790222,441.344696044922,0.0003541001078125,273025872,189,9618595840.0,40812300.0,127575680.0,289061.3125,0.0499950675
1048,2,631739221,False,0.305012851953506,8310,4210,5790,0.000898060317988234,0.0181843303143978,7.47701549530029,411.179016113281,0.0001639543828125,273025872,549009211,1621106688.0,7360200.0,55032328.0,133840.3125,0.009016245
1049,2,631738419,False,0.453300982713699,7390,3140,6660,0.0106858094908723,0.00115073424405425,0.43466796572363,377.730973045708,0.00195085481992187,273025872,138,211634925568.0,1383929048.0,601549624.0,1592534.546875,1.6953130838
1050,1,631739898,False,0.170395761728287,8680,2390,950,0.000447863488769814,2.55986757070229e-05,0.00726237227960155,283.701093084638,8.17641982556343e-05,273025872,247,509301375296.0,2607411612.0,18935993.8125,66746.2842903137,3.1940792247
1051,2,631738332,True,1.0,7270,4930,6090,0.964600602050594,0.547145838734599,2168.12991883048,3962.61794450413,0.176102309835989,273025872,8,641215694164.812,262739798.869141,569654018795.688,143756987.621216,0.321856253614697
1052,3,631740531,False,0.120591171085835,10500,6620,7070,7.06055764741474e-05,1.27513717629069e-05,0.00873052522665698,684.673413103179,1.28901071365356e-05,273025872,661,71919788032.0,825208192.0,7204500.9375,10522.5364379883,1.0108800352
1053,2,631738525,False,0.14898844063282,10620,4390,6590,0.0001348974633065,0.00287009100429714,1.83392822742462,638.979125976562,2.46275555175781e-05,273025872,280,1217980800.0,7004700.0,12846117.0,20104.126953125,0.0085807575
1054,2,631738897,False,0.00122917559929192,9160,4660,5790,1.14347972942825e-08,8.17577330280983e-08,5.09584278916009e-05,623.285766601562,2.08759377896786e-09,273025872,812,128053256.0,20844000.0,1062.17749023438,1.70415818691254,0.0255339
1055,3,631740554,True,0.998563170433044,6330,800,6190,0.0419577975620846,0.242351869214388,445.976323283888,1840.20170642617,0.00766002535205383,273025872,688,19659641852.8125,25801665.7363281,11506932019.6875,6253081.92004395,0.0316070405270019
1056,2,631738945,False,0.259978920221329,8450,4400,5750,0.000399416206266067,0.000259113684604485,0.0721470659754755,278.437883686467,7.29194200789988e-05,273025872,877,4141997316.12793,229729500.0,16574309.393013,59526.057207346,0.2814186375
1057,2,631739190,False,0.227632954716682,4800,3360,5880,0.000467662506022865,0.000274807738605887,0.0965068563818932,351.179565429688,8.5378805859375e-05,273025872,250,31089049600.0,253620896.0,24476156.0,69696.984375,0.3106855976
1058,3,631740469,False,0.0789012163877487,8860,3240,7680,9.04898656539648e-06,1.70420389168401e-05,0.00413860882383418,242.847046883845,1.6520282409668e-06,273025872,580,4012060928.0,79133400.0,327502.1875,1348.59448242188,0.096938415
1059,2,631739001,False,0.565205693244934,6460,1460,6540,0.0134390656904159,0.00351635040715337,0.680222749710083,193.445663452148,0.002453503040625,273025872,940,12820210688.0,569584768.0,387444512.0,2002859.625,0.6977413408
1060,1,631739305,False,0.0,0,0,0,0.0,0.0,0.0,0.0,0.0,273025872,1106,51351920640.0,242915392.0,0.0,0.0,0.2975713552
1061,1,631739706,False,0.108246959745884,5730,1680,1900,4.85076848431433e-05,3.97326730308123e-05,0.0111176446080208,279.811126708984,8.85580552978516e-06,273025872,558,17099641856.0,181946704.0,2022818.75,7229.22900390625,0.2228847124
1062,3,631740437,False,0.204468235373497,7970,2470,5260,0.000248046926924216,0.000938032027975067,0.323091993747653,344.435993774235,4.52846874511719e-05,273025872,531,5762403328.0,39409200.0,12732797.0,36967.091796875,0.04827627
1063,3,631740934,False,0.445812910795212,3920,5280,6030,0.0421930177323113,0.00371261345697771,1.20576935270365,324.776432202348,0.00770296832265625,273025872,258,215822450688.0,1693722624.0,2042238832.0,6288137.40625,2.0748102144
1064,2,631739100,False,0.216873914003372,8400,4460,7690,0.000696381362234952,0.00377191766165197,1.24480545520782,330.019226074219,0.0001271348640625,273025872,1044,2295934976.0,27514800.0,34250572.0,103783.5625,0.03370563
1065,1,631740025,False,0.293924182653427,8180,4240,5400,0.000159791821488954,0.000663762330077589,0.21388778090477,322.235473632812,2.91723940429687e-05,273025872,67,2737575424.0,35877600.0,7673780.0,23814.19921875,0.04395006
1066,3,631740792,False,0.304275840520859,7050,1560,6220,0.000617820696566353,0.000137331316976799,0.0338421006124778,246.426680799946,0.00011279243605957,273025872,986,20521023488.0,670462208.0,22689849.5,92075.4580078125,0.8213162048
1067,2,631739007,True,1.0,7370,5250,6090,0.137967025815666,0.430158615112305,1007.99072265625,2343.30004882812,0.0251879502,273025872,946,65777033216.0,47800024.0,48181981184.0,20561592.0,0.0585550294
1068,2,631738976,False,0.107515811920166,9750,3670,6570,2.24449880383814e-05,0.00109250645618886,0.557514846324921,510.308044433594,4.09766926269531e-06,273025872,911,151422528.0,3061800.0,1706998.875,3345.0361328125,0.003750705
1069,2,631738874,False,0.154673844575882,8770,1740,8910,0.000189084374244724,4.03311241825577e-05,0.0168857704848051,418.678375244141,3.45201889648437e-05,273025872,778,151286087680.0,698709632.0,11798250.0,28179.74609375,0.8559192992
1070,2,631738923,False,0.0,0,0,0,0.0,0.0,0.0,0.0,0.0,273025872,846,22180141056.0,150742800.0,0.0,0.0,0.18465993
1071,1,631739345,False,0.555800795555115,3460,3350,4910,0.000214738672322598,0.000346788234310225,0.100620910525322,290.15087890625,3.92037659179687e-05,273025872,1054,11880682496.0,92284200.0,9285720.0,32003.07421875,0.113048145
1072,3,631740135,False,0.052591398358345,11410,5690,8270,8.25746236838931e-06,1.34439797181636e-06,0.000724335558705421,538.780609529483,1.50752362518311e-06,273025872,101,63222083584.0,915377408.0,663040.40625,1230.63153076172,1.1213373248
1073,1,631740017,False,0.0,0,0,0,0.0,0.0,0.0,0.0,0.0,273025872,83,15161361408.0,230291104.0,0.0,0.0,0.2821066024
1074,2,631738974,False,0.564376652240753,9530,3220,9560,0.024119685099254,0.00070089712041278,0.241984906390774,345.250250490773,0.00440341033321533,273025872,909,777466839040.0,5128599584.0,1241043690.25,3594620.68017578,6.2825344904
1075,1,631738532,False,0.0,0,0,0,0.0,0.0,0.0,0.0,0.0,273025872,312782558,17095294976.0,69660000.0,0.0,0.0,0.0853335
1076,1,631739321,False,0.10694669932127,7860,4310,3790,1.51343785634613e-05,2.00242066057399e-05,0.00558290258049965,278.807678222656,2.76300783691406e-06,273025872,1088,12941536256.0,112639504.0,628855.375,2255.5166015625,0.1379833924
1077,2,631738803,False,0.16144472360611,3570,3870,6660,8.13387835022681e-05,0.00279730814509094,0.423727422952652,151.476852416992,1.48496150878906e-05,273025872,680,58005756.0,4333500.0,1836222.75,12122.134765625,0.0053085375
1078,3,631740492,False,0.592067539691925,7600,4410,5940,0.0318279992016247,0.0397386439892029,17.4873797053077,440.05979947527,0.0058106787046875,273025872,609,25028777984.0,119365200.0,2087384576.0,4743411.1875,0.14622237
1079,3,631740074,False,0.0160204246640205,9570,6120,3690,9.97496647673584e-07,1.49336302600803e-07,4.88171506594791e-05,326.894062657853,1.82107976436615e-07,273025872,7,96814485504.0,995468416.0,48595.931640625,148.659572601318,1.2194488096
1080,1,631739540,False,0.0659874603152275,9470,490,4360,2.30804516870712e-05,4.00937278755009e-05,0.0105428146198392,262.954223632812,4.21368268432617e-06,273025872,805,17106841600.0,85792496.0,904494.375,3439.74096679688,0.1050958076
1081,1,631739647,False,0.0,0,0,0,0.0,0.0,0.0,0.0,0.0,273025872,638,29638459392.0,197472608.0,0.0,0.0,0.2419039448
1082,3,631740575,False,0.993378639221191,7220,4940,5930,0.0553562154739278,0.00323937164250906,2.34730116989785,724.616199973816,0.0101061075309448,273025872,709,442971539968.0,2546754312.0,5977999376.0,8249883.69873047,3.1197740322
1083,1,631739764,False,0.0,0,0,0,0.0,0.0,0.0,0.0,0.0,273025872,448,12109319168.0,168938096.0,0.0,0.0,0.2069491676
1084,3,631740203,False,0.454151630401611,8490,4400,5750,0.00130515862726588,0.00388264615283467,1.25362879658906,322.880001741545,0.000238276286035156,273025872,197,2869874304.0,50097600.0,62803794.0,194511.25390625,0.06136956
1085,1,631739482,False,0.0,0,0,0,0.0,0.0,0.0,0.0,0.0,273025872,889,44278190080.0,362163584.0,0.0,0.0,0.4436503904
1086,1,631739548,False,0.055568914860487,12650,6610,3410,5.84609978527614e-06,1.19384230856667e-06,0.000554420810658485,464.400360107422,1.06729321289062e-06,273025872,794,1008257728.0,729794688.0,404613.34375,871.259765625,0.8939984928
1087,2,631738363,True,0.692171514034271,7070,4700,6070,0.00176098263870289,0.135455868216695,152.211719668756,1123.69970878823,0.000321493797119141,273025872,51,1010896192.0,1937486.5,294908152.0,262443.916015625,0.0023734209625
1088,2,631739110,False,0.603860855102539,4290,4270,9690,0.0645106927007153,0.0120820666772045,4.73239679330767,391.687690503843,0.0117773946746094,273025872,1057,118234560256.0,795741324.0,3765763690.0,9614199.734375,0.9747831219
1089,3,631740306,False,0.766755998134613,3370,4680,8640,0.0343952416117204,0.00615396827060692,2.02285545189762,328.707488070639,0.00627936731774216,273025872,328,76477136896.0,832960768.0,1684959230.76562,5126014.13693237,1.0203769408
1090,1,631739381,False,0.313138633966446,6500,470,3860,0.000226631855531486,0.000364991108654067,0.128237828612328,351.345062255859,4.1375044921875e-05,273025872,1006,12897644544.0,92538000.0,11866872.0,33775.546875,0.11335905
1091,3,631740820,False,0.568303406238556,7200,3570,10730,0.0311295869689206,0.00283508034749399,1.3446904130549,474.304163634555,0.00568317307475586,273025872,1018,348836260992.0,1636399816.0,2200451144.5,4639324.95898438,2.0045897746
1092,1,631739350,False,0.0,0,0,0,0.0,0.0,0.0,0.0,0.0,273025872,1047,136637538304.0,576721792.0,0.0,0.0,0.7064841952
1093,1,631739490,False,0.0354808419942856,9060,4200,5640,8.71035744235547e-06,5.65067910541256e-06,0.00183209424018248,324.22549679517,1.59020641479492e-06,273025872,877,4496180766.5332,229729500.0,420886.09375,1298.12768554688,0.2814186375
1094,3,631740848,False,0.758297264575958,3600,3460,6540,0.00918526939518762,0.00741679005842143,2.18610973492754,294.751464947469,0.00167690871591797,273025872,1054,19943237632.0,184568400.0,403486776.0,1368905.07421875,0.22609629
1095,2,631738555,False,0.631885945796967,7040,1750,9710,0.0418696256987571,0.000570590101480063,0.198443248366603,347.785998831486,0.00764392825574112,273025872,322,1806645011712.0,10935944064.0,2170164264.01562,6239941.43325806,13.3965314784
1096,3,631740076,False,0.999758660793304,6490,5150,7030,6.28749303792271,0.00231869766538295,1.0754726688121,463.826174868935,1.14787617248223,273025872,8,59530149311214.5,404124171704.0,434624501473.981,937041773.454883,495.0521103374
1097,1,631739435,False,0.0,0,0,0,0.0,0.0,0.0,0.0,0.0,273025872,944,86159572992.0,474029088.0,0.0,0.0,0.5806856328
1098,3,631740079,False,0.352853059768677,8140,5140,5620,0.000679258751456613,0.00129590885364661,0.494551515430819,381.625230847972,0.000124008874609375,273025872,12,10337158144.0,78116400.0,38632584.0,101231.734375,0.09569259
1099,3,631740696,True,0.295591294765472,6490,1050,6090,4.86240865564778e-05,0.224243307841006,446.599782226511,1991.58577585362,8.8770564086914e-06,273025872,886,22237448.0,32315.6875,14432179.0,7246.57666015625,3.95867171875e-05
1100,3,631740925,False,0.0,0,0,0,0.0,0.0,0.0,0.0,0.0,273025872,526322264,3484821.25,847800.0,0.0,0.0,0.001038555
1101,3,631740369,False,0.853757321834564,7340,4890,6000,0.02795467858954,0.0708993617855879,55.7763146000109,786.696991274594,0.0051035459234375,273025872,414,18555055104.0,58761600.0,3277505488.0,4166159.9375,0.07198296
1102,2,631739962,False,0.0398556403815746,8470,5980,7870,1.04396369630981e-05,8.20592958916677e-06,0.00239209970459342,291.508666992188,1.90591233215332e-06,273025872,589508447,31911835648.0,189600304.0,453542.84375,1555.84680175781,0.2322603724
1103,3,631740825,False,0.653778076171875,5850,4950,7350,0.0551671934221721,0.00583789873651327,2.16886171001514,371.514102574261,0.0100715987198853,273025872,1022,165083627520.0,1408334336.0,3054482416.25,8221713.24072266,1.7252095616
1104,3,631740700,False,0.250722914934158,6020,3770,9390,0.00120260221756488,0.000957243511272622,0.288397542305712,301.279182266065,0.000219553075,273025872,893,16038787584.0,187232400.0,53997364.0,179227.0,0.22935969
1105,2,631738486,False,0.273499071598053,9440,6360,8230,0.00031217317074059,4.46008198196068e-05,0.0125449933111668,281.272705078125,5.69918952148437e-05,273025872,229,619252448.0,1043119744.0,13085930.0,46523.99609375,1.2778216864
1106,1,631738482,False,0.0,0,0,0,0.0,0.0,0.0,0.0,0.0,273025872,312782624,1097068032.0,12833100.0,0.0,0.0,0.0157205475
1107,3,631740351,False,0.247199907898903,8740,4690,9090,0.00367610691097758,5.97285031815066e-05,0.0275717664575194,461.618239012832,0.00067112846171875,273025872,382,2273387216896.0,9172504576.0,252902154.0,547859.96875,11.2363181056
1108,3,631740515,False,0.993378639221191,7220,4940,5930,0.316916725596676,0.0109789663499886,7.46190927822645,679.654991221849,0.0578579023116821,273025872,637,776055595520.0,4301947848.0,32100744561.4375,47230940.6625977,5.2698861138
1109,2,631738593,False,0.237893387675285,9200,3780,9880,0.000438249095734966,0.011039013043046,3.21232867240906,290.997802734375,8.00089465820312e-05,273025872,368,700419328.0,5916600.0,19006064.0,65313.42578125,0.007247835
1110,2,631738745,False,0.592067539691925,7600,4410,5940,0.0270381751657683,0.0675166770815849,30.0195121765137,444.623626708984,0.004936224475,273025872,609,13264842752.0,59682600.0,1791642496.0,4029571.0,0.073111185
1111,1,631739420,False,0.317740112543106,8740,6170,4140,0.000568862832604924,1.92116574167428e-05,0.0056982069362753,296.601527534494,0.000103854443578625,273025872,960,85377366552.0,4412900760.0,25145621.7197266,84779.1376152039,5.405803431
1112,2,631738403,False,0.350473701953888,6460,6480,5790,0.00246474738441796,0.00398117443546653,1.28864729404449,323.685211181641,0.00044997660859375,273025872,118,6575090688.0,92266200.0,118898592.0,367327.84375,0.113026095
1113,2,631739010,False,0.26730489730835,2140,3640,5920,0.0001639713533076,0.00404413416981697,0.972775042057037,240.539749145508,2.99354302734375e-05,273025872,949,56944484.0,6042600.0,5878090.5,24437.0859375,0.007402185
1114,2,631738408,False,0.0782486125826836,10070,4750,7670,1.6668988767024e-05,3.15086035698187e-05,0.0192401353269815,610.631103515625,3.04317395019531e-06,273025872,123,6919642112.0,78842704.0,1516944.25,2484.2236328125,0.0965823124
1115,2,631739022,True,0.0904544144868851,6130,670,6260,1.52366264994482e-05,0.148396179080009,162.612609863281,1095.80041503906,2.78167473144531e-06,273025872,962,7445824.5,15301.9765625,2488294.25,2270.7548828125,1.87449212890625e-05
1116,3,631740463,False,0.0228051897138357,9740,1910,9150,1.02840594697686e-06,9.50925993170696e-07,0.000353836005380157,372.096259773437,1.87750932693481e-07,273025872,573,36064368640.0,161175600.0,57029.73046875,153.266067504883,0.19744011
1117,3,631740583,False,0.511187970638275,6720,2610,6170,0.0116535150822573,0.000292508034861706,0.129804909143238,443.765277096091,0.00212752399213867,273025872,726,1271545483264.0,5937458368.0,770711244.0,1736754.27929688,7.2733865008
1118,3,631740364,False,0.853757321834564,7340,4890,6000,0.0363154257400154,0.0300363524802317,21.4670655282988,714.70281028388,0.00662992573496094,273025872,406,36130788864.0,180187800.0,3868103310.0,5412184.2734375,0.220730055
1119,1,631739359,False,0.0,0,0,0,0.0,0.0,0.0,0.0,0.0,273025872,1035,128607444992.0,525223808.0,0.0,0.0,0.6433991648
1120,1,631739651,False,0.292815148830414,6790,2750,5060,0.000197862297954059,4.08395935664885e-05,0.016794865950942,411.239807128906,3.61227306152344e-05,273025872,632,111021203456.0,722043008.0,12126616.0,29487.943359375,0.8845026848
1121,3,631740702,False,0.546902656555176,6330,800,6400,0.00916945543217856,0.000644502908673403,0.248829445908679,386.079632163105,0.00167402163974609,273025872,894,303952996237.25,2120313592.0,527596456.25,1366548.27734375,2.5973841502
1122,2,631739104,False,0.343209803104401,10530,6580,6170,0.000922818734381403,0.000116482908197213,0.0502361319959164,431.274719238281,0.000168474403125,273025872,1048,42031874048.0,1180689280.0,59313264.0,137530.125,1.446344368
1123,2,631738922,False,0.540693759918213,4620,2700,7980,0.0102294519737667,0.00117778975982219,0.376129567623138,319.35205078125,0.001867539909375,273025872,844,122313572352.0,1294392576.0,486859328.0,1524522.375,1.5856309056
1124,3,631740740,False,0.476131170988083,2640,2030,5950,0.0252765962434969,0.00690859177108857,2.33087210707351,337.38744223213,0.0046146218173706,273025872,935,59033298944.0,545268608.0,1270951389.25,3767038.21826172,0.6679540448
1125,1,631739549,False,0.0616965033113956,8360,4940,4630,8.56245784083222e-06,4.12180792428267e-06,0.000989102170460103,239.96804039146,1.56320512390137e-06,273025872,792,5835412632.0,309593712.0,306219.8125,1276.08581542969,0.3792522972
1126,1,631739396,False,0.239427760243416,4340,1560,3160,0.000353677170115328,1.03187965596921e-05,0.00338563382869615,328.103554432045,6.45690729003906e-05,273025872,985,633702063104.0,5108100248.0,17294157.0,52709.447265625,6.2574228038
1127,1,631739476,False,0.45894581079483,10750,4910,5550,0.000261367793790946,0.0001598766684765,0.149334385991096,934.059936523438,4.77166115234375e-05,273025872,898,39366418432.0,243639904.0,36383816.0,38952.3359375,0.2984588824
1128,1,631739446,False,0.0616965033113956,8360,4940,4630,8.56245784083222e-06,4.12180792428267e-06,0.000989102170460103,239.96804039146,1.56320512390137e-06,273025872,932,5835412632.0,309593712.0,306219.8125,1276.08581542969,0.3792522972
1129,1,631739454,False,0.364149123430252,8780,5120,3590,0.00105891254571821,0.000395941111491993,0.114158786833286,288.322662353516,0.000193320369921875,273025872,924,4128759296.0,398575808.0,45500932.0,157812.546875,0.4882553648
1130,1,631740050,False,0.0,0,0,0,0.0,0.0,0.0,0.0,0.0,273025872,28,73123610624.0,471904192.0,0.0,0.0,0.5780826352
1131,3,631740179,False,0.391491830348969,3220,5690,5870,0.00486502479791559,0.000165399442224214,0.0676302816845053,408.890627290183,0.000888183256884765,273025872,159,296159248384.0,4383615488.0,296465150.25,725047.556640625,5.3699289728
1132,2,631738541,False,0.509612083435059,3190,3190,5850,0.00756693731828315,0.00595795270055532,1.80917501449585,303.657165527344,0.00138145791875,273025872,304,20017270784.0,189279904.0,342440480.0,1127720.75,0.2318678824
1133,1,631739995,False,0.654443085193634,4400,5110,2530,0.000344072225000741,6.56843060100391e-05,0.0781850157038533,1190.31501515603,6.2815546086359e-05,273025872,119,92963195456.0,780673496.0,61036969.544342,51277.996805191,0.9563250326
1134,1,631739769,False,0.0,0,0,0,0.0,0.0,0.0,0.0,0.0,273025872,441,946135552.0,10631700.0,0.0,0.0,0.0130238325
1135,3,631740144,False,0.170079231262207,9600,3780,5930,0.000254455512605758,0.00580542241945579,2.50779837286825,431.975176253124,4.64546709022522e-05,273025872,115,1077662272.0,6532200.0,16381440.53125,37922.1803283691,0.008001945
1136,3,631740959,False,0.163841009140015,8960,5220,5850,3.91668745325266e-05,0.000258312678308821,0.0789118848304383,305.489786049513,7.15050048649311e-06,273025872,607344842,3956426752.0,22597200.0,1783187.64389038,5837.14325428009,0.02768157
1137,1,631738493,False,0.0,0,0,0,0.0,0.0,0.0,0.0,0.0,273025872,312782612,14935941120.0,65832300.0,0.0,0.0,0.0806445675
1138,3,631740498,False,0.423596024513245,6470,6890,6500,0.0139160022755709,0.00440425443581406,1.39176263722822,316.004140430859,0.00254057496875,273025872,614,56878383104.0,470894400.0,655373232.0,2073938.75,0.57684564
1139,2,631738615,False,0.469551295042038,6520,6950,7660,0.014270149495253,0.0023297262378037,0.834507763385773,358.199920654297,0.00260522985625,273025872,403,151923556352.0,912861888.0,761790336.0,2126718.25,1.1182558128
1140,3,631740206,False,0.631885945796967,7040,1750,9710,0.000285979797220664,3.12365908877887e-05,0.0126920342223051,406.319443370076,5.2209901953125e-05,273025872,201,265374728192.0,1364435968.0,17317468.0,42620.328125,1.6714340608
1141,3,631740200,False,0.340306252241135,10130,7150,5970,0.000208390874422025,6.15408991530919e-05,0.0129725781382194,210.796044853817,3.8044880188179e-05,273025872,190,698220672.0,504656992.0,6546702.26171875,31057.0450515747,0.6182048152
1142,1,631739312,False,0.0,0,0,0,0.0,0.0,0.0,0.0,0.0,273025872,1098,21172404224.0,497323808.0,0.0,0.0,0.6092216648
1143,3,631740850,False,0.603860855102539,4290,4270,9690,0.0649741758098637,0.00608443570799292,2.37872375018977,390.95223687957,0.0118620104688744,273025872,1057,246310398720.0,1591482648.0,3785697572.8125,9683273.85214233,1.9495662438
1144,3,631740946,False,0.691186666488647,6840,5820,3210,0.0387883124785261,0.00158686381634227,0.606291352834535,382.068925254115,0.00708138830474243,273025872,278,691053567616.0,3642861528.0,2208635444.0,5780725.14672852,4.4625053718
1145,2,631739664,False,0.149669870734215,7200,3330,8140,5.92611187494301e-05,4.68216276203748e-05,0.0160750634968281,343.325592041016,1.08190062011719e-05,273025872,496345668,26777356288.0,188627392.0,3032197.25,8831.841796875,0.2310685552
1146,1,631739788,False,0.185542464256287,9230,1400,2000,8.27970550455996e-05,2.23731207789663e-05,0.00838633514969855,374.839756713011,1.51158444335937e-05,273025872,409,93412819840.0,551530784.0,4625322.0,12339.46484375,0.6756252104
1147,3,631740697,False,0.477376729249954,6440,980,5960,0.015227660999692,0.000580055411195505,0.21579315768766,372.021626766495,0.00278003794497375,273025872,886,665781186424.0,3912417136.0,844272847.96875,2269418.73059082,4.7927109916
1148,3,631740261,False,0.303289532661438,8860,1770,9890,0.000988872666974784,0.0022082916452556,0.84847124731033,384.220648179885,0.00018053353939209,273025872,312782578,11562767360.0,66736800.0,56624255.9375,147374.317871094,0.08175258
1149,2,631738930,False,0.132711946964264,5900,1340,8250,0.000113400876640527,3.8363847124856e-05,0.0137620801106095,358.725219726562,2.07030311523437e-05,273025872,854,70208978944.0,440530208.0,6062612.0,16900.43359375,0.5396495048
1150,3,631740861,False,0.103077106177807,10220,4370,2720,2.90261808980936e-05,1.55261360801499e-07,7.56407875924875e-05,487.183592891434,5.29916474342346e-06,273025872,1073,4593303478272.0,27861721344.0,2107482.54614258,4325.8487701416,34.1306086464
1151,2,631738772,False,0.281439244747162,6300,7170,7940,0.00490399406545296,0.00211618700996041,0.748022258281708,353.476440429688,0.00089529768125,273025872,639,58928230400.0,345364192.0,258340112.0,730855.25,0.4230711352
1152,1,631739922,False,0.24834880232811,6870,3160,4740,0.000393956920170898,0.000108664637082256,0.039547361433506,363.939575195312,7.19227455078125e-05,273025872,218,73330671616.0,540308672.0,21367782.0,58712.4453125,0.6618781232
1153,3,631740334,False,0.32126784324646,6550,440,7390,0.00564329272186594,0.0006666794216309,0.249972107787602,374.950987951743,0.00103026774116516,273025872,361,255682145536.0,1261528200.0,315346863.1875,841034.89074707,1.545372045
1154,1,631739792,False,0.0,0,0,0,0.0,0.0,0.0,0.0,0.0,273025872,401,5814675456.0,26936100.0,0.0,0.0,0.0329967225
1155,2,631739058,False,0.565205693244934,6460,1460,6540,0.040109999314029,0.00190023113288946,0.646457024746596,340.199154491067,0.00732268206313019,273025872,991,119879178061.562,3145775027.0,2033608364.47656,5977699.64337158,3.853574408075
1156,1,631739364,False,0.170395761728287,8680,2390,950,8.72197697276362e-05,4.71832321733971e-05,0.0136844742575354,290.028334795831,1.592327734375e-05,273025872,1027,49058415168.0,275491804.0,3769960.5,12998.59375,0.3374774599
1157,3,631740298,False,0.109979517757893,7630,4520,8230,0.000100525250914175,0.00061973793835836,0.237997228427236,384.028818790202,1.83523925292969e-05,273025872,321,4557653376.0,24174000.0,5753345.0,14981.544921875,0.02961315
1158,2,631738807,False,0.922156751155853,6860,5070,6420,0.214083794238944,0.0910846889019012,64.5508270263672,708.690246582031,0.0390842081,273025872,685,103962918912.0,350283648.0,22611099648.0,31905476.0,0.4290974688
1159,2,631738794,False,0.0612936988472939,6860,570,7680,8.22640555711618e-06,6.42962595520657e-06,0.00256073218770325,398.270782470703,1.50185373840332e-06,273025872,670,38177447936.0,190680304.0,488281.1875,1226.00305175781,0.2335833724
1160,3,631740486,False,0.172831863164902,8380,1750,8850,0.000342205022466483,0.000507426603389728,0.184807903162578,364.206176672683,6.24746602539062e-05,273025872,601,18099644416.0,100506600.0,18574414.0,50999.72265625,0.123120585
1161,1,631739611,False,0.272972583770752,7040,5390,5210,0.000352240129238018,0.000900430546607822,0.304663360118866,338.352966308594,6.430671953125e-05,273025872,690,2365086976.0,58300200.0,17761934.0,52495.28125,0.071417745
1162,2,631739230,False,0.327275723218918,7890,2920,7240,0.000978041216923543,0.00157628743909299,0.545137286186218,345.836242675781,0.000178556095703125,273025872,1029,9103571968.0,92470496.0,50409116.0,145760.078125,0.1132763576
1163,1,631739838,False,0.0327579788863659,4310,4180,5600,1.454153596826e-06,1.30174057630938e-05,0.00338553916662931,260.077880859375,2.6547755279541e-07,273025872,333,1093530624.0,16648200.0,56363.1328125,216.716369628906,0.020394045
1164,2,631740053,False,0.52695107460022,6390,5840,6640,0.0346976878334418,0.0536340400576591,22.0544281005859,411.202087402344,0.0063345834125,273025872,576073704,19347539968.0,96414304.0,2126362368.0,5171088.5,0.1181075224
1165,1,631739672,False,0.0227384697645903,11340,5820,3100,2.11625918481222e-06,4.30171387356601e-07,0.0002192222951725,509.616170707259,3.86354860099405e-07,273025872,607,67016804352.0,733176896.0,160728.721908569,315.391722530127,0.8981416976
1166,1,631739713,False,0.0,0,0,0,0.0,0.0,0.0,0.0,0.0,273025872,544,34219132928.0,139194000.0,0.0,0.0,0.17051265
1167,1,631739344,False,0.00896847154945135,10510,3970,2340,4.69599172783292e-07,2.73146447682393e-08,1.21774346553138e-05,445.820739746094,8.57323734283447e-08,273025872,1056,409931120640.0,2562201088.0,31201.037109375,69.9856109619141,3.1386963328
1168,1,631739734,False,0.0,0,0,0,0.0,0.0,0.0,0.0,0.0,273025872,510,1307326720.0,22420800.0,0.0,0.0,0.02746548
1169,3,631740866,False,0.511187970638275,6720,2610,6170,0.0179977138201814,0.00012566739925238,0.0556411487448318,442.765180753736,0.0032857526407959,273025872,1080,5137530017536.0,21344016584.0,1187605601.5625,2682247.05371094,26.1464203154
1170,2,631738926,False,0.244868606328964,5880,4660,9470,0.00163676881348813,0.0103928660973907,3.19724869728088,307.638793945312,0.0002988167,273025872,849,2967922944.0,23471100.0,75042944.0,243932.0,0.0287520975
1171,2,631738418,False,0.267913967370987,10790,6110,6570,0.000997955267123212,0.000118995179946069,0.0453983172774315,381.513916015625,0.000182191704296875,273025872,136,80263962624.0,1249865088.0,56741772.0,148727.921875,1.5310847328
1172,2,631739752,False,0.051208958029747,8440,5990,5750,5.14628231837772e-06,4.49961626145523e-05,0.0125557612627745,279.040710449219,9.39531036376953e-07,273025872,606826655,2195641856.0,17045100.0,214014.203125,766.964111328125,0.0208802475
1173,2,631738340,False,0.263460516929626,9590,3680,10150,0.000758883499416739,0.000156648791744374,0.055587112903595,354.851837158203,0.000138545566796875,273025872,20,106862772224.0,721987200.0,40133184.0,113098.421875,0.88443432
1174,1,631739820,False,0.0,0,0,0,0.0,0.0,0.0,0.0,0.0,273025872,355,1476169216.0,9283500.0,0.0,0.0,0.0113722875
1175,3,631740238,False,0.464917838573456,10250,4990,5720,0.000371956008534966,0.000633867232278517,0.297667502830092,469.605443651169,6.79061490539551e-05,273025872,238,3870297216.0,87453000.0,26031916.125,55433.5910644531,0.107129925
1176,3,631740158,False,0.426284700632095,4000,2870,6620,0.00239685957769122,0.0185745218057116,4.26099546570157,229.400008800837,0.00043758267109375,273025872,132,669181344.0,19231200.0,81944056.0,357210.34375,0.02355822
1177,3,631740329,False,0.253535091876984,5190,1800,9280,0.00221070651830964,0.000121253812828093,0.0406377826079334,335.146430946032,0.0004035976376297,273025872,353,438831101568.0,2717171952.0,110419843.09375,329467.459289551,3.3285356412
1178,2,631738560,False,0.766755998134613,3370,4680,8640,0.0343918119141394,0.0123067088425159,4.04537391662598,328.712890625,0.006278741175,273025872,328,36834992128.0,416480384.0,1684818944.0,5125503.0,0.5101884704
1179,2,631738590,False,0.363821476697922,7450,5500,6730,0.00517084539953815,0.0102849127724767,4.25561285018921,413.772369384766,0.0009440153953125,273025872,364,13812877312.0,74927696.0,318863264.0,770624.8125,0.0917864276
1180,3,631740843,False,0.255724728107452,6920,1330,8680,0.000460534925857609,5.95042038809416e-05,0.0318647019324007,535.503373781067,8.40775591796875e-05,273025872,1047,274669051904.0,1153443584.0,36754136.0,68634.7421875,1.4129683904
1181,2,631738999,False,0.113935701549053,11910,6790,6860,0.000188554023689033,6.59407413646335e-05,0.0211744618579995,321.113494022015,3.44233655151367e-05,273025872,938,16884795904.0,426150904.0,9023516.0625,28100.7065429688,0.5220348574
1182,1,631739597,False,0.0,0,0,0,0.0,0.0,0.0,0.0,0.0,273025872,707,4456250368.0,68063400.0,0.0,0.0,0.083377665
1183,2,631738735,False,0.128976747393608,7830,3530,9820,0.000119430267842455,0.000858921906910837,0.281406104564667,327.627105712891,2.18037869628906e-05,273025872,598,2159044608.0,20722500.0,5831438.0,17799.009765625,0.0253850625
1184,2,631738815,False,0.25484761595726,8930,4040,10280,0.00190401414679755,0.00374510535039008,1.35796296596527,362.596740722656,0.00034760634453125,273025872,692,14547305472.0,75768304.0,102890552.0,283760.28125,0.0928161724
1185,1,631739419,False,0.387883543968201,4450,5890,2150,0.00233972591583598,6.6991568019148e-05,0.0214764680713415,320.584625244141,0.0004271520640625,273025872,961,903338459136.0,5205066240.0,111786440.0,348695.5625,6.376206144
1186,1,631739572,False,0.182346686720848,7680,5610,5160,9.73836955310587e-05,0.000968583393841982,0.422980278730392,436.699920654297,1.77788544677734e-05,273025872,753,1084983424.0,14984100.0,6337979.0,14513.3505859375,0.0183555225
1187,1,631739866,False,0.0575248301029205,7640,6140,2250,1.17344569505951e-05,2.0450967408475e-06,0.000847163359419566,414.241215341479,2.14230114440918e-06,273025872,295,201647378432.0,855126912.0,724432.1875,1748.81726074219,1.0475304672
1188,2,631739155,False,0.104275971651077,6690,1160,7100,0.000105328060044741,9.88168249023147e-05,0.0440739206969738,446.016357421875,1.92292173828125e-05,273025872,1111,39113625600.0,158852704.0,7001261.5,15697.3203125,0.1945945624
1189,3,631740169,False,0.0531372353434563,10600,4370,6660,1.15689801063512e-05,0.00013224690563265,0.0732200390798779,553.66164319387,2.11209086418152e-06,273025872,147,2055598336.0,13037400.0,954598.9375,1724.15580749512,0.015970815
1190,3,631740604,False,0.0998575761914253,9790,4400,5970,6.128727784546e-05,0.000270414946977603,0.134697738105812,498.114988136983,1.11889119384766e-05,273025872,757,4662662912.0,33777000.0,4549685.5,9133.8056640625,0.041376825
1191,2,631738472,False,0.417174994945526,6020,1290,5860,0.00138822722515097,0.000760793511290103,0.253248512744904,332.874176025391,0.0002534417046875,273025872,211,40673447936.0,271941312.0,68868736.0,206891.1875,0.3331281072
1192,3,631740675,True,1.0,6980,5160,5870,0.242489967094587,0.745358458021053,4106.8869676121,5509.94883524364,0.0442701810745605,273025872,856,207532699992.0,48485293.1328125,199123618488.0,36138923.3261719,0.0593944840876953
1193,2,631738467,False,0.1114886328578,10840,6960,5700,5.62999781587728e-05,0.00015945706400089,0.0685034170746803,429.604156494141,1.02784055664062e-05,273025872,206,3554292480.0,52619400.0,3604608.75,8390.53515625,0.064458765
1194,2,631738935,False,0.324829697608948,7430,2520,9340,0.0100214891602423,0.00160092453006655,0.577743351459503,360.881042480469,0.001829573178125,273025872,862,150804135936.0,932916608.0,538986368.0,1493529.125,1.1428228448
1195,1,631739514,False,0.513271152973175,9520,6970,5590,0.00212951736963907,0.00235523656010628,0.70759642124176,300.435394287109,0.000388775340625,273025872,841,1218471296.0,134749792.0,95348472.0,317367.625,0.1650684952
1196,3,631740940,False,0.493961542844772,4510,4650,6450,0.0107448484346334,0.00293009513457567,1.01750347161392,347.259534206651,0.00196163326474609,273025872,266,86101467136.0,546512384.0,556078248.0,1601333.27734375,0.6694776704
1197,1,631739215,False,0.0613890998065472,9120,4900,5630,1.85082876959453e-06,3.21428560710046e-05,0.0111428862437606,346.667572021484,3.37896556091309e-07,273025872,607344854,1178905856.0,8581500.0,95622.6796875,275.833923339844,0.0105123375
1198,3,631740339,False,0.950476229190826,7000,4960,5970,0.0403622622789513,0.0236088616580406,21.7008976877371,919.184414821048,0.0073687364515625,273025872,366,77282803712.0,254789712.0,5529165472.0,6015295.0625,0.3121173972
1199,2,631738937,True,1.0,7270,4930,6090,0.306937154849891,0.600546693375597,2504.70227302068,4170.70362829252,0.05603598196875,273025872,864,210013909504.0,76170028.5,190783243520.0,45743658.75,0.0933082849125
1200,3,631740527,False,0.351481229066849,7480,7410,2340,0.00356804208702919,0.000491408928813022,0.155100966415008,315.625047330028,0.00065139960703125,273025872,655,175872008192.0,1082102400.0,167835128.0,531754.78125,1.32557544
1201,1,631740030,False,0.350540071725845,7160,3970,5640,0.00549674461523274,0.0103193251416087,4.36660146713257,423.14794921875,0.0010035131859375,273025872,59,14915458048.0,79384496.0,346640448.0,819194.4375,0.0972460076
1202,3,631740557,True,1.0,6860,5320,6170,0.0351881743014442,0.221560320519261,659.346101974444,2975.9214124134,0.006424129075,273025872,690,20564201472.0,23669342.0,15606288384.0,5244187.0,0.02899494395
1203,2,631738377,False,0.551177263259888,5710,3710,5830,0.00670914438463425,0.000372850583890127,0.184914974587313,495.949269163018,0.00122485495099792,273025872,73,85357972696.0,2681721944.0,495890545.125,999881.592651367,3.2851093814
1204,3,631740491,False,0.454877495765686,3580,4280,6770,0.000773570761136691,0.000536460030837596,0.143807011437415,268.066590558263,0.000141226946746826,273025872,608,4553144448.0,214903808.0,30904674.375,115287.303466797,0.2632571648
1205,1,631739688,False,0.379978120326996,8300,4140,5600,0.00100589773791391,0.00360647076740861,1.5189915895462,421.18505859375,0.000183641721484375,273025872,587,6332260352.0,41567400.0,63140532.0,149911.609375,0.050920065
1206,2,631739096,False,0.332725912332535,6170,2300,8560,0.00606579524147936,0.00155001867096871,0.546256542205811,352.419311523438,0.0011074019140625,273025872,1038,98302550016.0,583219776.0,318587616.0,904001.5625,0.7144442256
1207,3,631740661,False,0.0,0,0,0,0.0,0.0,0.0,0.0,0.0,273025872,839,22206490624.0,156774592.0,0.0,0.0,0.1920488752
1208,2,631739011,False,0.0,0,0,0,0.0,0.0,0.0,0.0,0.0,273025872,950,78568693760.0,426937504.0,0.0,0.0,0.5229984424
1209,1,631739632,False,0.0797998011112213,10590,6730,4800,4.81838033335943e-06,1.74039962530514e-06,0.0013251950731501,761.431518554688,8.79667610168457e-07,273025872,661,37077069824.0,412604096.0,546780.9375,718.096008300781,0.5054400176
1210,1,631739488,False,0.265354365110397,9390,640,5020,0.000852546159725728,7.43144740863839e-05,0.0250512961609006,337.098478713322,0.000155645090465772,273025872,879,236851060493.438,1709723688.0,42830794.4613953,127057.216706753,2.0944115178
1211,1,631739259,False,0.294144988059998,4510,4420,4920,0.000293507169174593,0.000160077441250905,0.0645017847418785,402.941131591797,5.35841366210937e-05,273025872,266,44102664192.0,273256192.0,17625512.0,43742.15234375,0.3347388352
1212,1,631739917,False,0.0,0,0,0,0.0,0.0,0.0,0.0,0.0,273025872,225,20553224192.0,337079712.0,0.0,0.0,0.4129226472
1213,2,631738864,False,0.0,0,0,0,0.0,0.0,0.0,0.0,0.0,273025872,765,1925069952.0,25673400.0,0.0,0.0,0.031449915
1214,2,631739921,False,0.368222653865814,9700,2970,10320,0.0145114208910128,0.00374760663288407,1.42724199707731,380.840930463115,0.00264927756884766,273025872,312782628,104124328192.0,577081796.0,823635375.0,2162675.56640625,0.7069252001
1215,1,631739865,False,0.0,0,0,0,0.0,0.0,0.0,0.0,0.0,273025872,296,32205029376.0,226023296.0,0.0,0.0,0.2768785376
1216,2,631738877,False,0.662676930427551,3300,3900,7680,0.031071438913706,0.0131636653095484,3.93715381622314,299.092529296875,0.005672557275,273025872,783,30860500992.0,351775808.0,1384995456.0,4630659.0,0.4309253648
1217,3,631740324,False,0.482918441295624,6200,6160,5860,0.00829621803511322,0.0125574587713285,4.43443445053829,353.131515801837,0.00151459905351562,273025872,347,14883042816.0,98460000.0,436614416.0,1236407.390625,0.1206135
1218,3,631740302,False,0.150953233242035,7890,3480,7680,6.8022022459156e-05,6.22686005817462e-05,0.0187049775878708,300.391809244451,1.24184405953176e-05,273025872,325,19632957440.0,162802800.0,3045222.72524261,10137.5025267899,0.19943343
1219,2,631738480,False,0.0701839551329613,11420,6920,5720,4.76551949702885e-06,3.94664239138365e-05,0.0152038568630815,385.235229492188,8.70017071533203e-07,273025872,222,418615584.0,17995500.0,273601.0,710.218017578125,0.0220444875
1220,1,631739204,False,0.111831933259964,9910,6340,5240,6.54928237826569e-05,9.23359311855165e-06,0.00331887765787542,359.435089111328,1.19566974365234e-05,273025872,1093,55951265792.0,1057071616.0,3508291.25,9760.5693359375,1.2949127296
1221,2,631738446,False,0.497410774230957,5960,6860,6320,0.00601663571293895,0.0132549172267318,4.17995738983154,315.351470947266,0.0010984271046875,273025872,173,8085668864.0,67648496.0,282767840.0,896675.1875,0.0828694076
1222,2,631738327,False,0.269994825124741,7540,6960,6390,0.00123496068817973,0.00379398162476718,1.35529327392578,357.221862792969,0.00022546059921875,273025872,1,6507336704.0,48510900.0,65746496.0,184049.46875,0.0594258525
1223,2,631738474,False,0.647800028324127,8380,4650,6770,0.0358666028028059,0.0150786321610212,5.64356517791748,374.275665283203,0.006547986375,273025872,214,39309189120.0,354494688.0,2000613888.0,5345295.0,0.4342559928
1224,2,631738551,False,0.118246145546436,10730,4940,5860,3.44406878429189e-05,0.000657038821373135,0.477962344884872,727.449157714844,6.28766420898437e-06,273025872,318,1575684480.0,7812000.0,3733841.75,5132.787109375,0.0095697
1225,3,631740127,False,0.542172729969025,5970,6610,6560,0.0879353041910635,0.0204918262654352,8.51427868345861,415.496333668422,0.01605390889375,273025872,88,129437151232.0,639534592.0,5445175744.0,13105231.75,0.7834298752
1226,1,631739177,False,0.0873264074325562,6750,5800,3210,1.55472650534326e-06,1.46578240673989e-05,0.00716452300548553,488.784912109375,2.83838645935059e-07,273025872,484682528,2501468672.0,15807600.0,113253.9140625,231.705017089844,0.01936431
1227,1,631739528,False,0.315787315368652,9270,6200,2070,0.00235589111493665,4.21642689486268e-05,0.0140418656537018,333.027608537705,0.000430103263651776,273025872,822,1344136079360.0,8327067296.0,116927560.259766,351104.705021858,10.2006574376
1228,1,631739786,False,0.0,0,0,0,0.0,0.0,0.0,0.0,0.0,273025872,412,28267563008.0,279534592.0,0.0,0.0,0.3424298752
1229,3,631740098,False,0.578948199748993,6020,1230,6140,0.0415956380785616,0.00219966887294311,0.715335383154598,325.201393697722,0.00759390770559807,273025872,39,349819658720.0,2818200688.0,2015958668.95703,6199108.33110046,3.4522958428
1230,3,631740782,False,0.099143847823143,10470,3190,6610,5.56119913412705e-05,6.89463801164628e-06,0.00448976905147614,651.197212078737,1.01528032524109e-05,273025872,976,284725313536.0,1202093952.0,5397124.22265625,8288.0026550293,1.4725650912
1231,3,631740564,False,0.203731760382652,8730,2490,10420,0.00128854332456266,0.00189347807170634,0.764748533808194,403.88560355443,0.00023524291328125,273025872,696,16518654976.0,101419200.0,77560184.5,192035.03125,0.12423852
1232,3,631740943,False,0.226452469825745,7620,7180,5660,0.000157027726379139,0.000318853583882587,0.0919853770692826,288.487825506627,2.86677670166016e-05,273025872,10671,2716538624.0,73395000.0,6751266.75,23402.2587890625,0.089908875
1233,1,631739294,False,0.0254157241433859,11160,6360,3220,2.99960049094153e-06,1.14357192160242e-06,0.000278233230346814,243.301895141602,5.47622066497803e-07,273025872,1123,899954592.0,390914112.0,108765.296875,447.038421630859,0.4788697872
1234,3,631740596,False,0.482147306203842,2110,3290,6520,0.011554390467198,0.00107683919575496,0.338478776306383,314.326203615834,0.00210942730669556,273025872,746,100498163916.0,1599107352.0,541263899.6875,1721981.47485352,1.9589065062
1235,3,631740464,False,0.440607219934464,9130,5990,6660,0.00824969121400226,0.00198079286112916,0.680961342930922,343.782207768428,0.001506104884375,273025872,574,43333257216.0,620697600.0,422671071.25,1229473.375,0.76035456
1236,1,631738528,False,0.0,0,0,0,0.0,0.0,0.0,0.0,0.0,273025872,312782562,41097093120.0,159857104.0,0.0,0.0,0.1958249524
1237,2,631738885,True,0.799368560314178,6830,5380,6630,0.0094056425814295,0.211619973182678,355.519226074219,1679.98901367188,0.001717141146875,273025872,797,5294008832.0,6623892.0,2354920960.0,1401747.875,0.0081142677
1238,1,631739505,False,0.176107302308083,9810,1430,5130,0.000119414711792722,6.15643584751524e-05,0.0192897785454988,313.327056884766,2.18009469726562e-05,273025872,851,22761209856.0,289074592.0,5576185.0,17796.69140625,0.3541163752
1239,2,631738592,False,0.950476229190826,7000,4960,5970,0.0381147879579542,0.0485755130648613,45.7760963439941,942.369873046875,0.0069584263,273025872,366,41165201408.0,116938512.0,5352988672.0,5680348.0,0.1432496772
1240,1,631739360,False,0.0718485042452812,12850,4840,3730,4.31485683742386e-06,5.70199063076871e-07,0.000351033319020644,615.632934570312,7.87741842651367e-07,273025872,1033,216031969280.0,1127772032.0,395885.5625,643.054565429688,1.3815207392
1241,3,631740227,False,0.617801666259766,4810,6420,6350,0.0230149126865899,0.00680579468410749,2.42681240307124,356.580313646281,0.00420171755664062,273025872,226,61775069184.0,503978400.0,1223061032.0,3429973.515625,0.61737354
1242,2,631738571,False,0.460778176784515,9820,2490,7560,0.000976963099212356,4.71869239226245e-05,0.0161421424882481,342.089315139878,0.000178359269142151,273025872,339,394850300608.0,3085587940.0,49808000.1875,145599.403381348,3.7798452265
1243,2,631738709,False,0.428876519203186,8390,6640,9260,0.0162111754552861,0.00382202072069049,1.37753808498383,360.421417236328,0.0029595932625,273025872,566,113272258560.0,632124928.0,870776192.0,2415994.5,0.7743530368
1244,3,631740785,False,0.229156866669655,8300,5770,5800,0.000395257409860177,0.000851588654722381,0.373469594721579,438.556329573614,7.21601694091797e-05,273025872,606826659,15623003136.0,69172200.0,25833713.5,58906.2607421875,0.084735945
1245,2,631738805,False,0.442507028579712,7840,5240,6060,0.00340825390882737,0.0172598361968994,9.15187358856201,530.241027832031,0.000622227878125,273025872,681,1921635856.0,29429082.0,269331232.0,507941.125,0.03605062545
1246,3,631740626,False,0.666020572185516,8030,4650,6930,0.0123803377196195,0.0029798321385407,1.02227003210663,343.062959448198,0.0022602163676239,273025872,792,14618718060.0,619187424.0,632976747.8125,1845074.58581543,0.7585045944
1247,1,631739499,False,0.0,0,0,0,0.0,0.0,0.0,0.0,0.0,273025872,862,151876124672.0,932916608.0,0.0,0.0,1.1428228448
1248,2,631738368,False,0.250614136457443,8200,5640,6500,0.000790559128906662,0.00603856891393661,2.18308806419373,361.524047851562,0.000144328428125,273025872,58,3176803840.0,19511100.0,42594448.0,117819.125,0.0239010975
1249,3,631740427,False,0.0,0,0,0,0.0,0.0,0.0,0.0,0.0,273025872,514,80628588.0,20080800.0,0.0,0.0,0.02459898
1250,1,631739366,False,0.027798343449831,11290,4250,2020,4.88178114694168e-06,3.31085942661957e-07,0.000143251061672345,432.670318603516,8.91242379760742e-07,273025872,1025,356724473856.0,2197449984.0,314787.03125,727.544799804688,2.6918762304
1251,2,631738364,False,0.661996483802795,7100,4600,6220,0.0401167940523117,0.00832121845532314,3.50141273225006,420.781253496618,0.00732392254453125,273025872,51,118625019584.0,718490004.0,2515730048.0,5978712.28125,0.8801502549
1252,2,631738356,False,0.00340396608226001,9270,490,7010,7.16874322302861e-08,8.12498939239958e-08,2.18720178963849e-05,269.194427490234,1.30876161336899e-08,273025872,41,20128094208.0,131492704.0,2876.0107421875,10.6837682723999,0.1610785624
1253,2,631739013,False,0.643481552600861,4930,5340,8800,0.0138561303295915,0.00252168904989958,0.805455446243286,319.411102294922,0.002529644446875,273025872,952,113844756480.0,818901888.0,659588992.0,2065015.875,1.0031548128
1254,2,631738623,False,0.338594526052475,7700,670,8560,0.001160645141689,0.000377714763338276,0.144456553673353,382.448788595482,0.000211893181402588,273025872,417,105287980800.0,457948808.0,66153706.5625,172974.025634766,0.5609872898
1255,1,631739578,False,0.0,0,0,0,0.0,0.0,0.0,0.0,0.0,273025872,743,38454796288.0,280165504.0,0.0,0.0,0.3432027424
1256,2,631738832,False,0.069154180586338,12740,5200,6310,3.67530391018038e-06,3.65389678336214e-06,0.00193973223213106,530.86669921875,6.70981861877441e-07,273025872,711,7621898752.0,149905792.0,290777.09375,547.740295410156,0.1836345952
1257,1,631740002,False,0.0954845547676086,11600,4420,4640,9.32160437116401e-05,2.13491730391979e-05,0.00601055705919862,281.535827636719,1.7017987109375e-05,273025872,108,31006623744.0,650715328.0,3911161.5,13892.234375,0.7971262768
1258,2,631738950,False,0.33148193359375,4020,3370,7870,0.00108856774970246,0.00196158536709845,0.574914753437042,293.086791992188,0.000198734372265625,273025872,882,3080754688.0,82704600.0,47548096.0,162232.140625,0.101313135
1259,1,631739950,False,0.0162589345127344,4580,4600,1590,2.30345252187397e-06,1.89792172022862e-06,0.000494750624056906,260.680206298828,4.20529811859131e-07,273025872,180,27674509312.0,180876608.0,89488.8125,343.289642333984,0.2215738448
1260,2,631739144,False,0.338652670383453,7670,6290,6500,0.00485376075543385,0.000379090517512444,0.105175553322508,277.441794146316,0.000886126836958313,273025872,1099,64611262112.0,1908169192.0,200692750.601562,723368.846496582,2.3375072602
1261,1,631739816,False,0.408210247755051,6610,4140,5500,0.00573540623792452,0.00137305667158216,0.56484591960907,411.378448486328,0.0010470844453125,273025872,362,102884278272.0,622525504.0,351631008.0,854762.8125,0.7625937424
1262,2,631738994,False,0.666020572185516,8030,4650,6930,0.0123717752617787,0.00595554246915713,2.04355096204279,343.134311043208,0.0022586531625,273025872,932,8783305428.0,309593712.0,632670528.0,1843798.5,0.3792522972
1263,2,631739207,False,0.21545447409153,5830,6890,5990,0.000547332913020287,0.00275583378970623,0.901506125926971,327.126434326172,9.99238337890625e-05,273025872,286,2849370880.0,29599200.0,26683860.0,81570.4765625,0.03625902
1264,1,631739668,False,0.0306644085794687,7560,2550,5410,3.82977256808833e-06,2.65402413788252e-05,0.00834575295448303,314.456573486328,6.99182432556152e-07,273025872,611,976503040.0,21505500.0,179479.59375,570.761169433594,0.0263442375
1265,1,631739912,False,0.231195583939552,9570,4690,5420,3.34245613011694e-05,0.000257051578955725,0.0823763683438301,320.46630859375,6.10215506591797e-06,273025872,231,1815300480.0,19378800.0,1596355.125,4981.35107421875,0.02373903
1266,1,631740055,False,0.118124201893806,6800,400,3960,5.83354297666088e-05,7.86369324394772e-06,0.00238224455421027,302.942202894773,1.06500077911377e-05,273025872,22,228109029760.0,1105572616.0,2633744.34375,8693.88391113281,1.3543264546
1267,2,631739306,False,0.273625254631042,7950,3950,7260,0.00174965294620198,0.00245832419022918,0.851636290550232,346.429626464844,0.000319425391796875,273025872,560581551,13636588544.0,106070400.0,90333400.0,260755.421875,0.12993624
1268,3,631740763,False,0.568303406238556,7200,3570,10730,0.0260675282294229,0.0151294022879503,7.36176689334356,486.586763523816,0.00475901831613769,273025872,959,48594968576.0,256779008.0,1890347200.0,3884912.91113281,0.3145542848
1269,3,631740281,False,0.234238639473915,7030,600,8190,0.00170502873350562,0.00117801201472438,0.486468219524789,412.956925264134,0.000311278572363281,273025872,312782550,41143717888.0,215706592.0,104934401.75,254104.95703125,0.2642405752
1270,2,631738779,False,0.191078767180443,8300,1750,8770,0.00014282616037498,0.00212591886520386,0.635943233966827,299.138061523438,2.60750581054687e-05,273025872,649,1209586560.0,10012500.0,6367381.5,21285.76171875,0.0122653125
1271,3,631740442,False,0.528917729854584,9530,3390,910,0.0182817557818083,0.0136817660920381,5.25818022357927,384.320283522402,0.00333760876179199,273025872,540,32971653120.0,199139392.0,1047110812.75,2724578.58105469,0.2439457552
1272,2,631739070,False,0.32126784324646,6550,440,7390,0.00464618605150773,0.00748269306495786,2.83338570594788,378.658538818359,0.0008482309609375,273025872,1006,17029089280.0,92538000.0,262195840.0,692433.4375,0.11335905
1273,1,631739555,False,0.0,0,0,0,0.0,0.0,0.0,0.0,0.0,273025872,781,1352290176.0,10564200.0,0.0,0.0,0.012941145
1274,1,631739574,False,0.0,0,0,0,0.0,0.0,0.0,0.0,0.0,273025872,750,11574124544.0,87205504.0,0.0,0.0,0.1068267424
1275,3,631740312,False,0.517895042896271,4180,3960,6010,0.000493708638075533,0.00220980972589015,0.84936170675546,384.359656310826,9.01339179824829e-05,273025872,333,3696097792.0,33296400.0,28280687.1328125,73578.7085571289,0.04078809
1276,2,631739099,False,0.247963815927505,9480,5000,6190,0.000316092010949053,0.000207882258109748,0.0602733306586742,289.939758300781,5.770733828125e-05,273025872,1043,4056580864.0,226609200.0,13658491.0,47108.03125,0.27759627
1277,1,631739406,False,0.0,0,0,0,0.0,0.0,0.0,0.0,0.0,273025872,974,95696789504.0,547686016.0,0.0,0.0,0.6709153696
1278,3,631740780,False,0.0693415030837059,5280,2620,8940,3.01010360939802e-06,4.095446260655e-07,0.000150031317738629,366.336922010141,5.49539568328857e-07,273025872,974,186700464128.0,1095372032.0,164340.109375,448.603729248047,1.3418307392
1279,1,631740031,False,0.123476050794125,8580,4800,4390,4.21526846827997e-05,0.000321977044222876,0.120769165456295,375.086242675781,7.69560491943359e-06,273025872,58,3020145920.0,19511100.0,2356339.25,6282.12646484375,0.0239010975
1280,1,631738344,False,0.344416499137878,6400,6030,4840,0.00194432221751317,0.00300544104538858,1.19130039215088,396.381225585938,0.0003549651875,273025872,576073704,15769355264.0,96414304.0,114858400.0,289767.5,0.1181075224
1281,1,631739458,False,0.0173122994601727,6240,1540,5030,1.09070283964359e-06,5.16824286478368e-07,0.000161083851708099,311.680114746094,1.99124164962769e-07,273025872,919,30067503104.0,314517600.0,50663.70703125,162.550338745117,0.38528406
1282,3,631740908,False,0.249774694442749,5820,6660,7750,9.25110152301881e-05,0.000262330793383394,0.0980575438957006,373.79349420253,1.68892735839844e-05,273025872,1139,10246740480.0,52556400.0,5153551.5,13787.162109375,0.06438159
1283,3,631740129,False,0.120763920247555,9010,6280,3750,6.69368283102312e-06,1.86132534058061e-05,0.00511185132708275,274.635025679508,1.22203221244812e-06,273025872,93,58863700.0,53595000.0,273969.671875,997.57731628418,0.065653875
1284,1,631738712,False,0.209734901785851,5610,2120,5690,0.0002846101047339,0.00019709397747647,0.052550695836544,266.627624511719,5.19598440429687e-05,273025872,588,28059564032.0,215208000.0,11309330.0,42416.19921875,0.2636298
1285,1,631739445,False,0.0,0,0,0,0.0,0.0,0.0,0.0,0.0,273025872,182305701,16259688448.0,84568496.0,0.0,0.0,0.1035964076
1286,2,631738684,False,0.305454939603806,9630,5750,9470,0.000461728246552203,0.000122716359328479,0.0454821139574051,370.627990722656,8.42954177734375e-05,273025872,526,83862183936.0,560745024.0,25503870.0,68812.5859375,0.6869126544
1287,2,631738972,False,0.661996483802795,7100,4600,6220,0.00429353347071352,0.00607247138395905,2.96224570274353,487.815490722656,0.0007838489421875,273025872,907,21519050496.0,105373352.0,312141760.0,639876.6875,0.1290823562
1288,1,631739859,False,0.0,0,0,0,0.0,0.0,0.0,0.0,0.0,273025872,305,6952373760.0,74012400.0,0.0,0.0,0.09066519
1289,1,631739516,False,0.0,0,0,0,0.0,0.0,0.0,0.0,0.0,273025872,839,11219941376.0,78387296.0,0.0,0.0,0.0960244376
1290,2,631738384,False,0.542172729969025,5970,6610,6560,0.0785462091576808,0.0366077162325382,15.1929502487183,415.020446777344,0.01433978875,273025872,88,66910830592.0,319767296.0,4858208768.0,11705950.0,0.3917149376
1291,1,631739282,False,0.0965247452259064,7770,4000,4340,4.62922255277641e-05,5.48323332623113e-05,0.0153792537748814,280.477844238281,8.4513401977539e-06,273025872,563807435,10172173312.0,125820896.0,1935031.5,6899.05322265625,0.1541305976
1292,3,631740496,False,0.240087985992432,9380,4990,3560,0.00029016536077637,6.63858522153916e-05,0.0181570177145001,273.507337912736,5.29740393676758e-05,273025872,612,48423692288.0,651405568.0,11827582.4375,43244.1137695312,0.7979718208
1293,1,631739569,False,0.0,0,0,0,0.0,0.0,0.0,0.0,0.0,273025872,757,2386119936.0,16888500.0,0.0,0.0,0.0206884125
1294,3,631740907,False,0.240087985992432,9380,4990,3560,0.00162437304768084,6.98626798979659e-05,0.0404969292411356,579.664697951484,0.000296553667003536,273025872,1132,308369374720.0,3465149440.0,140327911.681641,242084.626125336,4.244808064
1295,2,631739115,False,0.18560779094696,7310,2330,9070,0.000655180659961284,0.0014805814716965,0.43359386920929,292.853759765625,0.0001196130578125,273025872,1062,4391448576.0,65949300.0,28595212.0,97643.3125,0.0807878925
1296,2,631738839,False,0.511187970638275,6720,2610,6170,0.00523837763192507,0.000262970878084816,0.154042349994293,585.77722033772,0.000956344417382812,273025872,726,624891559936.0,2968729184.0,457310020.0,780689.3203125,3.6366932504
1297,3,631740279,False,0.331113964319229,6640,5630,9190,0.00586870759335633,0.000511403076541662,0.226549990855334,442.996926000851,0.00107142060739441,273025872,295,394318077952.0,1710253824.0,387457988.1875,874629.067260742,2.0950609344
1298,2,631738806,True,1.0,7070,5110,6150,0.282328006079799,0.622014462947845,2714.5419921875,4364.11376953125,0.0515432127,273025872,685,199519059968.0,67644880.0,183624859648.0,42076092.0,0.082864978
1299,3,631740424,False,0.504448115825653,2730,5670,5920,0.00795468969425745,8.0005326656661e-05,0.023482146228362,293.507285197828,0.00145224793164062,273025872,507,1228151324672.0,14817869824.0,347955386.0,1185508.515625,18.1518905344
1300,3,631740092,False,0.227300927042961,6000,6620,5730,0.000416371143401572,0.00135771853728519,0.57657845737116,424.667146788795,7.60147981933594e-05,273025872,30,3025923840.0,45703800.0,26351826.5,62052.896484375,0.055987155
1301,1,631739491,False,0.0,0,0,0,0.0,0.0,0.0,0.0,0.0,273025872,874,1690634496.0,20143800.0,0.0,0.0,0.024676155
1302,1,631739508,False,0.269680768251419,8670,2520,3870,0.000723782184016121,0.000183353113243356,0.0607781521975994,331.4814453125,0.000132137295117187,273025872,848,6727312456.0,588302976.0,35755968.0,107867.1796875,0.7206711456
1303,2,631738436,False,0.391491830348969,3220,5690,5870,0.00479859518410009,0.000326281995512545,0.13386581838131,410.276458740234,0.000876055534375,273025872,159,128972554240.0,2191807744.0,293408128.0,715147.375,2.6849644864
1304,1,631739266,False,0.265354365110397,9390,640,5020,0.00177772387092283,5.60523155591383e-05,0.0180153959463747,321.403242072443,0.000324550160195386,273025872,254,737313910349.438,4726636244.0,85152223.4301453,264938.906281948,5.7901293989
1305,2,631738576,False,0.282804757356644,4920,2930,9940,0.00357458328942715,0.000190646709886256,0.0597631563477715,313.475938732053,0.00065259380165329,273025872,345,365021704192.0,2794329020.0,166997922.109375,532729.634002686,3.4230530495
1306,3,631740474,False,0.574693620204926,8420,3860,5750,0.0109177808851188,0.0195718984032559,7.49198790398245,382.793112329671,0.00199320467773437,273025872,587,12837020672.0,83134800.0,622844916.0,1627105.859375,0.10184013
1307,3,631740409,False,0.761689603328705,4830,4620,7140,0.642150799894118,0.00236500639455204,0.931271456162306,393.771221214266,0.117234261396875,273025872,477,6540575128704.0,40465614848.0,37684472064.0,95701437.875,49.5703781888
1308,2,631739119,False,0.0947180166840553,10480,6820,6240,2.16579397277351e-05,7.59214599383995e-05,0.0243883337825537,321.231079101562,3.95398178710937e-06,273025872,1069,641400960.0,42514200.0,1036850.5,3227.740234375,0.052079895
1309,3,631740141,False,0.652606308460236,4560,4940,9780,0.122329038447816,0.0083202471840746,4.31529902685012,518.650339512728,0.0223330010212311,273025872,111,449369019392.0,2191163416.0,9455525356.73438,18231021.2418213,2.6841751846
1310,2,631739185,False,0.344366431236267,2410,2630,6510,0.00666395400200504,0.00593941798433661,1.8076765537262,304.352447509766,0.00121660476875,273025872,526157192,9825818624.0,167212800.0,302266656.0,993146.75,0.20483568
1311,3,631740429,False,0.0,0,0,0,0.0,0.0,0.0,0.0,0.0,273025872,519,134900677760.0,1603835976.0,0.0,0.0,1.9646990706
1312,2,631738463,False,0.631885945796967,7040,1750,9710,0.000285979797220664,6.24731837888248e-05,0.0253840684890747,406.319458007812,5.2209901953125e-05,273025872,201,134681198592.0,682217984.0,17317468.0,42620.328125,0.8357170304
1313,3,631740194,False,0.89247864484787,7110,5000,5850,0.103700753503202,0.0409623536987471,25.0567887530175,611.702856171176,0.0189321281625,273025872,181,105556756480.0,377292736.0,9453744384.0,15454798.5,0.4621836016
1314,3,631740419,True,0.453150570392609,6230,1010,6340,0.000439504271221456,0.201847585692956,237.82770612596,1178.25390533893,8.02380976959228e-05,273025872,500,177824094.0625,324504.688476562,77176205.6875,65500.4879150391,0.000397518243383789
1315,1,631740064,False,0.0,0,0,0,0.0,0.0,0.0,0.0,0.0,273025872,9,19583428608.0,104807696.0,0.0,0.0,0.1283894276
1316,3,631740832,False,0.433779895305634,6190,5320,7430,0.00223212743264049,0.000872618717426174,0.316817677905162,363.065416290438,0.000407508346875,273025872,1031,16042463744.0,381220192.0,120777296.0,332659.875,0.4669947352
1317,3,631740601,False,0.470315009355545,7620,5570,6280,0.00252734361145573,0.0125689574480709,5.18360387838432,412.413193361546,0.000461404488842773,273025872,753,3034592573.5625,29967221.0,155338203.0,376656.725585938,0.036709845725
1318,2,631738373,False,0.167649909853935,8220,4450,8000,0.000221181786299605,0.00409594038501382,1.28589761257172,313.944427490234,4.03800530273437e-05,273025872,66,716262208.0,8047800.0,10348647.0,32963.30859375,0.009858555
1319,2,631739255,False,0.303289532661438,8860,1770,9890,0.00196470720844338,0.00132228706769356,0.504493148668232,381.530728836521,0.000358686773388672,273025872,312782574,49167682432.0,221438700.0,111714307.0,292805.529296875,0.2712624075
1320,1,631739384,False,0.146882101893425,8100,2330,910,0.000225757230723502,3.47916464552474e-05,0.00971862618753181,279.337920958495,4.12153690429687e-05,273025872,1002,191642352000.0,967048204.0,9398380.0,33645.19921875,1.1846340499
1321,3,631740658,False,0.574169218540192,5050,6220,7320,0.0380505929601986,0.00185790226449692,0.726976585526461,391.288928066036,0.00694670654017334,273025872,835,422419828736.0,3052249280.0,2218913759.75,5670780.84912109,3.739005368
1322,2,631738443,False,0.138327211141586,11030,4930,5810,9.18793570473292e-05,0.000124689366202801,0.0649633929133415,521.001892089844,1.67739549072266e-05,273025872,169,13599989760.0,109817104.0,7134091.5,13693.0244140625,0.1345259524
1323,1,631739464,False,0.0,0,0,0,0.0,0.0,0.0,0.0,0.0,273025872,911,164395952.0,3061800.0,0.0,0.0,0.003750705
1324,2,631738985,False,0.521151840686798,9040,4000,10570,0.024462971938826,0.0102580639737326,3.82169932987477,372.555614749609,0.00446608249541016,273025872,922,63112726016.0,355406404.0,1358256416.0,3645781.62890625,0.4353728449
1325,1,631740014,False,0.0,0,0,0,0.0,0.0,0.0,0.0,0.0,273025872,91,35918716928.0,386943296.0,0.0,0.0,0.4740055376
1326,3,631740890,False,0.210494831204414,12410,6710,6760,0.000328270833029326,5.83795698943855e-05,0.0165114624509108,282.829463813825,5.99307649459839e-05,273025872,1107,31965884416.0,838017024.0,13836886.625,48923.073425293,1.0265708544
1327,2,631738530,False,0.178890079259872,3310,4470,6400,0.000495936982816164,0.000313856697175652,0.0956353470683098,304.710235595703,9.05407357421875e-05,273025872,288,16111668224.0,235492192.0,22521378.0,73910.8046875,0.2884779352
1328,3,631740677,False,0.521530270576477,6600,4630,9900,0.0128820627594476,0.00398904269491274,1.44102358428969,361.245465266,0.0023518138,273025872,857,89893928960.0,481280384.0,693536384.0,1919848.0,0.5895684704
1329,1,631739560,False,0.0,0,0,0,0.0,0.0,0.0,0.0,0.0,273025872,773,14759278592.0,127188896.0,0.0,0.0,0.1558063976
1330,2,631738460,False,0.454151630401611,8490,4400,5750,0.00106974301614458,0.00636464171111584,1.88423669338226,296.047546386719,0.000195297634765625,273025872,197,1448686336.0,25048800.0,47197868.0,159426.640625,0.03068478
1331,1,631739380,False,0.0254822112619877,10270,4240,2720,3.55894397014707e-06,2.06926657142503e-07,9.95355439954437e-05,481.018463134766,6.49738609313965e-07,273025872,1007,443093614592.0,2563221504.0,255131.640625,530.398864746094,3.1399463424
1332,1,631739814,False,0.195333153009415,7520,5440,4520,0.000645348764737481,0.00128361128736287,0.454938143491745,354.420501708984,0.000117818097851562,273025872,364,11912274944.0,74927696.0,34087468.0,96178.0390625,0.0917864276
1333,1,631739375,False,0.446423828601837,7630,3570,2900,0.00112667312653209,0.000712741280144038,0.254096034417384,356.505286695382,0.000205691080422974,273025872,1014,31014715136.0,235584904.0,59861189.875,167911.08605957,0.2885915074
1334,3,631740588,False,0.529391765594482,8000,5980,5730,0.000641414224320443,0.00138014189648177,0.534307457747516,387.139510154398,0.000117099788476562,273025872,732,10454132224.0,69262200.0,37007310.0,95591.6640625,0.084846195
1335,1,631739358,False,0.292641371488571,9270,2030,3930,0.000507428172537681,0.000154983979882672,0.0566785000264645,365.705535888672,9.26386248046875e-05,273025872,1037,64914477056.0,487943104.0,27655884.0,75623.3671875,0.5977303024
1336,2,631739152,False,0.210494831204414,12410,6710,6760,0.000324310270712435,0.000115350449050311,0.0322586894035339,279.658111572266,5.92077048828125e-05,273025872,1107,15475494912.0,419008512.0,13516665.0,48332.8203125,0.5132854272
1337,2,631738989,False,0.378689527511597,3860,2850,6790,0.000478857934219216,0.00641648843884468,1.1839736700058,184.5205078125,8.742269921875e-05,273025872,927,327768640.0,11122200.0,13168392.0,71365.46875,0.013624695
1338,2,631739082,False,0.341209143400192,6780,3820,6970,0.00192992688236552,0.000510259531438351,0.215905979275703,423.129699707031,0.000352337103125,273025872,1020,105019604992.0,563678080.0,121701464.0,287622.125,0.690505648
1339,1,631739894,False,0.099843755364418,7110,2990,1610,3.12042824935499e-05,3.01235013466794e-05,0.00953088235110044,316.393585205078,5.69680986328125e-06,273025872,252,34573840384.0,154379696.0,1471374.75,4650.45703125,0.1891151276
1340,2,631738940,False,0.203838646411896,10100,4300,7410,0.00132070930380558,0.000389953987905756,0.252483040094376,647.468811035156,0.0002411152953125,273025872,867,52923239424.0,504748800.0,127440512.0,196828.8125,0.61831728
1341,3,631740344,False,0.41452619433403,8840,5110,6900,0.00263572459540563,0.00221784665619876,0.864076012575037,389.601332517733,0.00048119106328125,273025872,374,31081658368.0,177112800.0,153038922.0,392809.03125,0.21696318
1342,1,631739999,False,0.0,0,0,0,0.0,0.0,0.0,0.0,0.0,273025872,114,12420062208.0,151872304.0,0.0,0.0,0.1860435724
1343,3,631740084,False,0.499671190977097,4820,6720,8530,0.00179805524110162,0.000280373042501445,0.0674073989909787,240.420399870045,0.000328261956811523,273025872,21,22188806016.0,955758592.0,64425200.75,267968.944335938,1.1708042752
1344,2,631738535,False,0.331113964319229,6640,5630,9190,0.00585697313640574,0.00102076105634248,0.452252818351248,443.054538122497,0.00106927830625,273025872,295,192670699520.0,855126912.0,386733556.0,872880.25,1.0475304672
1345,3,631740151,False,0.0782486125826836,10070,4750,7670,1.6668988767024e-05,1.57543025973113e-05,0.00962006738125065,610.631116282635,3.04317395019531e-06,273025872,123,15337949696.0,157685408.0,1516944.25,2484.2236328125,0.1931646248
1346,3,631740342,False,0.511517822742462,11060,4970,5480,0.00594433745834198,5.62825577999614e-05,0.0279026910814747,495.760892400201,0.00108522797376785,273025872,370,1009731481712.0,15740229680.0,439194766.3125,885900.386749268,19.281781358
1347,1,631739608,False,0.000748538237530738,4540,5200,1860,1.18520095798089e-08,6.59775967193355e-09,1.66703398463142e-06,252.66667175293,2.16376214027405e-09,273025872,694,30351263744.0,267717600.0,446.294342041016,1.76633644104004,0.32795406
1348,1,631739184,False,0.190541550517082,7730,2390,4850,2.59513308219328e-05,6.47158776700962e-06,0.00241270754486322,372.815368652344,4.73780473632812e-06,273025872,484682470,129260888064.0,597627008.0,1441899.125,3867.595703125,0.7320930848
1349,1,631739355,False,0.103077106177807,10220,4370,2720,1.30345256305251e-05,7.53485153381916e-07,0.000355006224708632,471.152252197266,2.3796481842041e-06,273025872,1041,286717149184.0,2578113024.0,915246.1875,1942.56994628906,3.1581884544
1350,2,631738569,False,0.407841086387634,5600,680,7210,0.00669454781111303,0.000942604664689714,0.301387766778224,319.739311790309,0.00122219012753906,273025872,337,182084062848.0,1058456704.0,319005902.25,997706.2265625,1.2966094624
1351,2,631738975,False,0.428088814020157,3080,3130,6510,0.00778173588205249,0.0138029903173447,3.76604843139648,272.842956542969,0.00142067261875,273025872,910,4098843136.0,84020400.0,316424896.0,1159732.75,0.10292499
1352,2,631739086,False,0.342267692089081,7110,3490,10010,0.00252210142582864,0.00138138420879841,0.602057635784149,435.836517333984,0.00046044744921875,273025872,1023,68353503232.0,272100608.0,163820256.0,375875.46875,0.3333232448
1353,2,631738913,False,0.0941460356116295,9480,1870,7340,4.80033516823403e-05,4.40090771007817e-05,0.0129457451403141,294.160797119141,8.76373194580078e-06,273025872,834,17923252224.0,162558896.0,2104446.0,7154.06689453125,0.1991346476
1354,1,631739689,False,0.0,0,0,0,0.0,0.0,0.0,0.0,0.0,273025872,496345672,7697261568.0,43132500.0,0.0,0.0,0.0528373125
1355,1,631739698,False,0.0906231105327606,9570,6260,5170,5.84913760526611e-05,2.80881540675182e-05,0.00933834165334702,332.465484619141,1.0678478125e-05,273025872,574,20009754624.0,310348800.0,2898143.25,8717.125,0.38017728
1356,1,631739835,False,0.0872310474514961,8430,2590,5680,2.71514269821648e-05,0.00032245964393951,0.109029062092304,338.116943359375,4.95690029296875e-06,273025872,336,1381473280.0,12548700.0,1368173.0,4046.44921875,0.0153721575
1357,1,631739198,False,0.253008544445038,6770,2750,5060,0.000304667815773647,0.000147087295772508,0.061364084482193,417.195007324219,5.5621680078125e-05,273025872,10704,63717421056.0,308697312.0,18942928.0,45405.453125,0.3781542072
1358,1,631739459,False,0.282566636800766,9630,4600,900,0.000811339328471131,4.21289800546717e-05,0.0129307102881536,306.931482114523,0.000148122165278363,273025872,918,456349184000.0,2870139584.0,37112943.4472656,120916.05328846,3.5159209904
1359,2,631739191,False,0.62622457742691,9480,6900,5730,0.00218580360223165,0.000435763987795073,0.124401488534865,285.479048336063,0.000399051236732101,273025872,933,10712794632.0,747551704.0,92996544.734375,325756.111618042,0.9157508374
1360,3,631740417,False,0.529391765594482,8000,5980,5730,0.00322946646821525,0.000990071566692927,0.411703002673296,415.83155856953,0.000589587548858642,273025872,491,76480542080.0,486122392.0,200138048.453125,481295.958251953,0.5954999302
1361,2,631738603,False,0.301914513111115,8590,4490,7700,0.00170317928038817,0.000363918632501736,0.13652877509594,375.162902832031,0.000310940926953125,273025872,381,112313868288.0,697489216.0,95227344.0,253829.328125,0.8544242896
1362,2,631739081,False,0.568303406238556,7200,3570,10730,0.0310538306776532,0.00565636191424696,2.68543530623325,474.763699166653,0.00566934262736816,273025872,1018,180947554304.0,818199908.0,2197222920.5,4628034.79785156,1.0022948873
1363,2,631739134,False,0.564376652240753,9530,3220,9560,0.0394898792196131,0.000306709000142291,0.118862144649029,387.540435791016,0.0072094698375,273025872,1089,3836306671616.0,19188486144.0,2280784640.0,5885281.5,23.5058955264
1364,1,631739150,False,0.152251318097115,7930,4080,4300,3.53017060218931e-05,4.96001412102487e-05,0.0169784296303988,342.306060791016,6.44485599365234e-06,273025872,560581551,13124859904.0,106070400.0,1800908.75,5261.10693359375,0.12993624
1365,3,631740727,False,0.099143847823143,10470,3190,6610,7.6899772932571e-05,3.12151607325443e-06,0.00201333955580022,644.987726653335,1.4039207118988e-05,273025872,920,890601504768.0,3671477888.0,7391931.66015625,11460.5772399902,4.4975604128
1366,1,631739815,False,0.144089490175247,3240,3260,5210,2.58504835201625e-05,8.74098986969329e-06,0.00265619577839971,303.878143310547,4.71939354858398e-06,273025872,363,58604683264.0,440747104.0,1170710.625,3852.56616210938,0.5399152024
1367,2,631738829,False,0.552977800369263,3660,3980,5770,0.0297791617178363,0.0652049034833908,35.6667289733887,546.994567871094,0.0054366326875,273025872,707,11562895360.0,68063400.0,2427598848.0,4438067.5,0.083377665
1368,2,631739075,False,0.138432726264,6270,4800,10180,0.000169506607310554,0.000309589289827272,0.142171710729599,459.226867675781,3.09459739257812e-05,273025872,1010,19856152576.0,81598496.0,11600998.0,25262.01953125,0.0999581576
1369,1,631739407,False,0.0,0,0,0,0.0,0.0,0.0,0.0,0.0,273025872,973,21621839872.0,135714592.0,0.0,0.0,0.1662503752
1370,1,631739628,False,0.33911344408989,4780,6600,2710,0.000496236728367547,0.000181752693606541,0.0434169135987759,238.87907409668,9.05954587890625e-05,273025872,665,8168849408.0,406901696.0,17666416.0,73955.4765625,0.4984545776
1371,3,631740361,False,0.248313069343567,8170,1860,9310,0.000804731014929126,0.000175748706896166,0.0662910918547977,377.192487077377,0.000146915718510246,273025872,402,136683549312.0,682401600.0,45237147.1474609,119931.198783875,0.83594196
1372,1,631739767,False,0.00751160737127066,6470,2150,5680,4.62820174844401e-07,1.60703976348486e-07,4.90731981699355e-05,305.363922119141,8.4494765663147e-08,273025872,443,9429128192.0,429207296.0,21062.57421875,68.9753189086914,0.5257789376
1373,2,631738785,False,0.175165519118309,4080,2810,9280,0.00014549176223141,3.21821280522272e-05,0.00993392895907164,308.678436279297,2.65617037109375e-05,273025872,657,95424389120.0,673759808.0,6693082.0,21683.0234375,0.8253557648
1374,2,631738891,False,0.655005216598511,7920,4710,7020,0.0381567988853489,0.0524758063256741,25.5256252288818,486.426544189453,0.006966096025,273025872,804,22281474048.0,108366304.0,2766117632.0,5686609.0,0.1327487224
1375,2,631738554,False,0.109979517757893,7630,4520,8230,0.000100525250914175,0.00123947591055185,0.475994467735291,384.02880859375,1.83523925292969e-05,273025872,321,2141495424.0,12087000.0,5753345.0,14981.544921875,0.014806575
1376,2,631739122,False,0.0138239851221442,10330,4220,8750,2.72970390859052e-06,2.92024324468239e-08,1.37517946986973e-05,470.912644819523,4.98348396682739e-07,273025872,1073,2444397903872.0,13930860672.0,191574.3359375,406.815017700195,17.0653043232
1377,2,631738980,False,0.0153568666428328,12620,5180,6320,4.37397383992232e-07,1.55561504677171e-05,0.00825824168038851,530.866662515666,7.98534538269043e-08,273025872,917,165712864.0,4190400.0,34605.3359375,65.1864929199219,0.00513324
1378,2,631739231,False,0.272104978561401,6620,6230,8520,0.00255609691184723,0.00463312957435846,1.69451630115509,365.739044189453,0.00046665383515625,273025872,1105,16618919936.0,82221296.0,139325328.0,380941.90625,0.1007210876
1379,3,631740769,False,0.178737536072731,7540,5110,9860,0.000484364539928391,0.000859315758170425,0.295939155423181,344.389303477068,8.84280126953125e-05,273025872,964,14038237696.0,84004200.0,24860132.0,72186.1328125,0.102905145
1380,3,631740220,False,0.0,0,0,0,0.0,0.0,0.0,0.0,0.0,273025872,217,22762547200.0,318324608.0,0.0,0.0,0.3899476448
1381,2,631738828,False,0.249898821115494,8020,2620,6390,0.00034835743358319,0.00198483117856085,0.807689189910889,406.930938720703,6.35978751953125e-05,273025872,706,5446978560.0,26156700.0,21126484.0,51916.6328125,0.0320419575
1382,2,631739172,False,0.134587347507477,7620,3010,5820,5.53801005793242e-05,0.00126681756228209,0.407796055078506,321.905883789062,1.01104681152344e-05,273025872,599626923,602229888.0,6515100.0,2656832.0,8253.443359375,0.0079809975
1383,1,631739609,False,0.359091877937317,7080,6690,4940,0.00182155214311461,0.00109794142190367,0.424919933080673,387.015106201172,0.00033255166875,273025872,693,42966814720.0,247254304.0,105063280.0,271470.75,0.3028865224
1384,2,631738928,False,0.111021108925343,8340,2080,6820,3.99156768966763e-05,2.05785618163645e-05,0.00649921176955104,315.824401855469,7.28720559082031e-06,273025872,851,21544261632.0,289074592.0,1878757.0,5948.7392578125,0.3541163752
1385,1,631740027,False,0.0522803738713264,6330,3430,4950,5.49965250223613e-06,1.13050091385958e-05,0.00447480706498027,395.825164794922,1.00404406433105e-06,273025872,64,16401038336.0,72501296.0,324429.3125,819.627807617188,0.0888140876
1386,2,631739167,True,1.0,7270,4930,6090,0.904274898667671,0.587500812120587,2408.47616751495,4099.52823524029,0.165088947740186,273025872,1129,613244362072.0,229389449.632812,552479022520.0,134766487.951172,0.281002075800195
1387,3,631740164,False,0.100050292909145,10220,2680,5920,0.000130758659637439,5.34293551033688e-05,0.0261447517124978,489.333095297819,2.38719548217773e-05,273025872,140,23482810368.0,364730400.0,9535785.75,19487.3100585938,0.44679474
1388,3,631740967,False,0.0,0,0,0,0.0,0.0,0.0,0.0,0.0,273025872,549009227,2344071872.0,40053600.0,0.0,0.0,0.04906566
1389,1,631738430,False,0.0,0,0,0,0.0,0.0,0.0,0.0,0.0,273025872,589508455,1208493184.0,38315700.0,0.0,0.0,0.0469367325
1390,3,631740833,False,0.0718485042452812,12850,4840,3730,4.31485683742386e-06,2.85099535714363e-07,0.000175516660844095,615.632924144579,7.87741842651367e-07,273025872,1033,441388253184.0,2255544064.0,395885.5625,643.054565429688,2.7630414784
1391,2,631739101,False,0.276967734098434,9070,3780,9940,0.00161239663795236,0.00899716001003981,2.75469732284546,306.174102783203,0.00029436719375,273025872,1045,3393261312.0,26708400.0,73573560.0,240299.75,0.03271779
1392,1,631739705,False,0.691186666488647,6840,5820,3210,0.000115614658471184,5.11890139023308e-05,0.0252216849476099,492.716766357422,2.1107190234375e-05,273025872,559,70264840192.0,336602688.0,8489687.0,17230.359375,0.4123382928
1393,3,631740083,False,0.263460516929626,9590,3680,10150,0.000758951290554364,7.83313921411261e-05,0.0277951753185622,354.840818716523,0.00013855794308598,273025872,20,206644371456.0,1443974400.0,40135521.6035156,113108.524968147,1.76886864
1394,3,631740140,False,0.102724738419056,6030,3320,5880,0.000226570483180265,2.59456008931028e-05,0.00785446727635714,302.728285566325,4.13638404785156e-05,273025872,108,53277454336.0,1301430656.0,10222044.5,33766.400390625,1.5942525536
1395,1,631739754,False,0.334118068218231,8690,5310,3560,0.000413381171042244,9.83057398116216e-05,0.0333851911127567,339.605712890625,7.54689338867187e-05,273025872,466,53927624704.0,626690688.0,20922188.0,61607.29296875,0.7676960928
1396,3,631740147,False,0.891339004039764,4000,5090,9310,0.193869542741035,0.0185051065534294,8.75452693448705,473.087085946266,0.0353937932559496,273025872,119,213748972208.0,1561346992.0,13668854295.5443,28892892.4538364,1.9126500652
1397,2,631739088,False,0.231154218316078,5420,2420,7730,0.000209150328549241,0.000945704407058656,0.267276436090469,282.621551513672,3.81835299316406e-05,273025872,1026,1217756928.0,32959800.0,8809378.0,31170.228515625,0.040375755
1398,3,631740892,False,0.542164742946625,5290,5860,4910,0.00103208500434101,0.00176792026927232,0.713632090272749,403.656263620124,0.000188422599804687,273025872,1109,19538737152.0,87003000.0,62088132.75,153814.3671875,0.106578675
1399,3,631740969,False,0.35423544049263,7970,6170,5900,0.00059573566005448,0.000726513894668084,0.316955704157584,436.269294343487,0.000108760481347656,273025872,606826651,22494901248.0,122205600.0,38733762.0,88784.06640625,0.14970186
1400,1,631739372,False,0.00896847154945135,10510,3970,2340,4.69599172783292e-07,1.43928258814815e-08,6.41662033473223e-06,445.820743443313,8.57323734283447e-08,273025872,1017,756629897216.0,4862534400.0,31201.037109375,69.9856109619141,5.95660464
1401,3,631740287,False,0.449844926595688,10590,6700,6070,0.00183306573643092,0.000569140298837064,0.283191730960718,497.578069132286,0.000334653647924805,273025872,307,25833711616.0,479998784.0,135931686.5,273186.651367188,0.5879985104
1402,1,631740000,False,0.0,0,0,0,0.0,0.0,0.0,0.0,0.0,273025872,113,48965025792.0,290957408.0,0.0,0.0,0.3564228248
1403,1,631739774,False,0.0,0,0,0,0.0,0.0,0.0,0.0,0.0,273025872,433,24680771584.0,102358800.0,0.0,0.0,0.12538953
1404,2,631738761,False,0.247649312019348,6160,1660,8000,0.000726727375396564,0.000303774897474796,0.123289912939072,405.859466552734,0.000132674983984375,273025872,625,69838454784.0,356534112.0,43957060.0,108306.109375,0.4367542872
1405,1,631739600,False,0.239049687981606,6120,6340,3260,0.000477919381516878,1.77683923539007e-05,0.00660626823082566,371.798858642578,8.725135234375e-05,273025872,703,743782651904.0,4008555776.0,26481594.0,71225.59375,4.9104808256
1406,1,631739957,False,0.0,0,0,0,0.0,0.0,0.0,0.0,0.0,273025872,606826663,502541120.0,7274700.0,0.0,0.0,0.0089115075
1407,2,631738801,False,0.11991972476244,7980,2230,9910,1.43095426160005e-05,3.57645330950618e-05,0.0157130043953657,439.346008300781,2.61242166137695e-06,273025872,678,15811769344.0,59628600.0,936944.5,2132.58911132812,0.073045035
1408,1,631739951,False,0.446423828601837,7630,3570,2900,0.00102861067137336,0.000839595275465399,0.30339115858078,361.354064941406,0.000187788308203125,273025872,178,25139517440.0,182583904.0,55394340.0,153296.578125,0.2236652824
1409,2,631738870,False,0.0,0,0,0,0.0,0.0,0.0,0.0,0.0,273025872,773,14523524096.0,127188896.0,0.0,0.0,0.1558063976
1410,2,631738365,False,0.24692003428936,9700,3600,9990,0.000499017368980974,0.00012547938968055,0.0442177280783653,352.390350341797,9.11031064453125e-05,273025872,52,100548001792.0,592686016.0,26207230.0,74369.8828125,0.7260403696
1411,2,631738653,False,0.178477987647057,7170,1490,7950,0.000144491706124357,0.00142141315154731,0.428591191768646,301.524719238281,2.63791284667969e-05,273025872,461,1427554048.0,15149700.0,6493028.0,21533.982421875,0.0185583825
1412,1,631739553,False,0.364149123430252,8780,5120,3590,0.00108744352040988,9.74598442553543e-05,0.0281927231699228,289.275268554688,0.00019852912734375,273025872,784,15849439240.0,1662885888.0,46881280.0,162064.59375,2.0370352128
1413,3,631740801,False,0.958819925785065,4000,5060,9330,0.103835512927864,0.0374158707217183,25.0786372193162,670.267368781536,0.0189567305169922,273025872,996,54774211584.0,413591392.0,10372308477.0,15474882.0546875,0.5066494552
1414,1,631739780,False,0.124409325420856,6500,2230,5280,1.6743758061665e-05,1.16514183901018e-05,0.00622397102415562,534.181396484375,3.05682420654297e-06,273025872,423,67993255936.0,214168496.0,1332978.5,2495.36669921875,0.2623564076
1415,3,631740568,False,0.160431265830994,10800,4440,6650,0.000241163492865531,1.24505465463371e-05,0.00874624997508591,702.479199811433,4.40280133056641e-05,273025872,701,293757351936.0,2886719488.0,25247970.25,35941.2353515625,3.5362313728
1416,1,631739659,False,0.0,0,0,0,0.0,0.0,0.0,0.0,0.0,273025872,621,18101069824.0,159641104.0,0.0,0.0,0.1955603524
1417,3,631740426,False,0.345336079597473,8720,6170,4140,0.000773375289935945,2.3785093405138e-06,0.00119390437405235,501.954881452956,0.000141191260546875,273025872,512,8754600306816.0,48458153984.0,57854402.0,115258.171875,59.3612386304
1418,1,631739413,False,0.513271152973175,9520,6970,5590,0.00656283469185467,0.000175930663743494,0.0514865827974675,292.652694544112,0.00119814392179568,273025872,967,100433983340.0,5559443988.0,286236773.196045,978076.670853615,6.8103188853
1419,2,631739000,False,0.0429428853094578,11460,6600,7080,4.0445712923982e-06,6.31599396001548e-05,0.0281840842217207,446.233551025391,7.38397161865234e-07,273025872,939,567254656.0,9543600.0,268977.625,602.773193359375,0.01169091
1420,2,631739072,False,0.334133446216583,8040,4250,7770,0.000679234341821893,0.000158174710802281,0.0509251303093177,321.954944953079,0.000124004418264389,273025872,1008,82748705792.0,639976492.0,32590886.25,101228.096542358,0.7839712027
1421,1,631739827,False,0.447367340326309,6000,6210,5520,0.00161088113534822,0.00487657729536295,1.90881240367889,391.424621582031,0.000294090516015625,273025872,347,7534555136.0,49230000.0,93970832.0,240073.890625,0.06030675
1422,1,631739234,False,0.0,0,0,0,0.0,0.0,0.0,0.0,0.0,273025872,549009223,2984454656.0,31818600.0,0.0,0.0,0.038977785
1423,1,631739942,False,0.595232963562012,5880,5990,4730,0.00754899578043176,0.00121099269017577,0.410618424415588,339.075866699219,0.001378182421875,273025872,194,86656114688.0,929028608.0,381476256.0,1125046.875,1.1380600448
1424,3,631740958,False,0.510024964809418,7790,3600,6290,0.00829354523841997,0.0220908408870699,10.0138682280273,453.304076527415,0.00151411109438477,273025872,549009203,7937889280.0,55951200.0,560287944.0,1236009.05664062,0.06854022
1425,3,631740585,False,0.193112075328827,10390,3600,7180,2.69869601712942e-05,6.45749866039211e-07,0.000387295946907856,599.761559817867,4.92687440948486e-06,273025872,728,159712714752.0,6228322304.0,2412203.984375,4021.93829345703,7.6296948224
1426,1,631739583,False,0.210627987980843,7800,5860,5590,0.00029085530172433,0.00125167658552527,0.491522192955017,392.691040039062,5.30999984375e-05,273025872,732,5184766464.0,34631100.0,17021954.0,43346.9375,0.0424230975
1427,3,631740418,False,0.582905530929565,3600,5680,6720,0.0448895214521922,0.000858995930964795,0.34304380695301,399.354402724253,0.00819525552685547,273025872,493,1312786841600.0,7788167872.0,2671682756.0,6690004.51171875,9.5405056432
1428,1,631738512,False,0.0,0,0,0,0.0,0.0,0.0,0.0,0.0,273025872,312782586,4660321792.0,25765200.0,0.0,0.0,0.03156237
1429,1,631739477,False,0.236665487289429,5740,4920,950,0.000268322435765574,0.000265210284851491,0.0807433947920799,304.450469970703,4.89862857421875e-05,273025872,897,28409700352.0,150781504.0,12174610.0,39988.8046875,0.1847073424
1430,2,631738444,False,0.149669870734215,7200,3330,8140,6.0310115862332e-05,2.765195537041e-05,0.00945866340334883,342.061285599731,1.10105163600922e-05,273025872,170,47814853632.0,325046692.0,3074507.25,8988.1766204834,0.3981821977
1431,1,631739852,False,0.52220743894577,10850,4910,5520,0.000127676913792629,0.00243574357591569,3.20167517662048,1314.45483398438,2.33093358886719e-05,273025872,318,1779201152.0,7812000.0,25011486.0,19028.029296875,0.0095697
1432,3,631740483,True,0.692171514034271,7070,4700,6070,0.000202715916524233,0.188299948910785,225.312097256102,1196.5595240966,3.70088314941406e-05,273025872,599,101008448.0,160442.375,36149608.0,30211.291015625,0.000196541909375
1433,2,631738946,False,0.282804757356644,4920,2930,9940,0.00150072176203797,0.00063669856172055,0.19226148724556,301.966247558594,0.000273979269921875,273025872,878,22252259328.0,351275392.0,67536728.0,223656.546875,0.4303123552
1434,3,631740911,False,0.0141472015529871,10520,4570,6030,4.43851870955261e-07,1.53032079067791e-06,0.000895815512420995,585.377600486078,8.10318172454834e-08,273025872,599626927,8358802944.0,43225200.0,38721.8046875,66.1484222412109,0.05295087
1435,1,631739297,False,0.39688840508461,10550,4920,5620,0.000758648725170769,7.25739638248668e-05,0.0546975002004999,753.679381940529,0.000138502705236435,273025872,1117,135195424896.0,1557906264.0,85213578.1875,113063.432846069,1.9084351734
1436,2,631738921,False,0.18317537009716,9540,4310,8360,0.000175417893103725,6.22757361270487e-05,0.031454972922802,505.091918945312,3.20251678222656e-05,273025872,843,57787580416.0,419794208.0,13204615.0,26142.994140625,0.5142479048
1437,1,631739447,False,0.045112669467926,8750,6470,5520,9.21220713944789e-06,3.16143768941402e-06,0.000783909054007381,247.959671020508,1.68182660522461e-06,273025872,931,36552441856.0,434270688.0,340428.71875,1372.91967773438,0.5319815928
1438,1,631739558,False,0.316363751888275,6680,2480,3040,0.00132917609152717,5.64332158923227e-05,0.0204287346327373,361.99841369516,0.000242661034420991,273025872,776,105148818176.0,3510178132.0,71708497.5722656,198090.640343666,4.2999682117
1439,2,631738781,False,0.0374441407620907,10690,5300,6060,2.06012304238703e-06,2.24937066377606e-05,0.013410747051239,596.199951171875,3.76106365203857e-07,273025872,653,1283415552.0,13649400.0,183048.65625,307.025604248047,0.016720515
1440,2,631738887,False,0.0226018838584423,10690,5070,6230,1.49941066848286e-06,4.59532793684048e-06,0.00226911692880094,493.787811279297,2.73739910125732e-07,273025872,798,252871928.0,48627900.0,110342.390625,223.461151123047,0.0595691775
1441,1,631739288,False,0.240087985992432,9380,4990,3560,0.000278371468020294,2.39449636163254e-05,0.0067683966527844,282.66472905266,5.08208873253822e-05,273025872,1132,168961944064.0,1732574720.0,11726752.9355469,41486.4386329651,2.122404032
1442,3,631740561,False,0.603014647960663,3470,5150,8560,0.0434718271420159,0.012099917536868,4.35489850180627,359.911419936297,0.00793643416376214,273025872,694,66156865536.0,535435200.0,2331765950.29434,6478721.76633644,0.65590812
1443,3,631740664,False,0.0729311108589172,9940,1410,5150,1.54784361679474e-05,2.22332516429914e-06,0.000691019409860172,310.804474737281,2.82582071380615e-06,273025872,842,148132372480.0,1037541632.0,716961.40625,2306.79241943359,1.2709884992
1444,3,631740393,False,0.481455683708191,2950,4620,7660,0.00950730570430497,0.00419354495388654,1.27266811388711,303.482644846245,0.001735701275,273025872,448,22305454080.0,337876192.0,430004256.0,1416899.0,0.4138983352
1445,2,631738977,False,0.0,0,0,0,0.0,0.0,0.0,0.0,0.0,273025872,912,10176236544.0,54732600.0,0.0,0.0,0.067047435
1446,1,631740052,False,0.164874821901321,9750,2130,5520,0.000545243081584217,0.000151131054735743,0.0568456761538982,376.134979248047,9.95423037109375e-05,273025872,26,83923812352.0,537672576.0,30564362.0,81259.0234375,0.6586489056
1447,2,631738624,False,0.316842347383499,9230,1350,9350,0.000511651187905623,0.000915216573048383,0.35155200958252,384.118927001953,9.3409599609375e-05,273025872,421,15483473920.0,83316600.0,29290118.0,76252.734375,0.102062835
1448,2,631738631,False,0.477376729249954,6440,980,5960,0.00269001974342451,0.000879483704920858,0.371117115020752,421.971588134766,0.00049110345703125,273025872,430,67918569472.0,455836512.0,169168736.0,400900.78125,0.5583997272
1449,2,631739151,False,0.394134700298309,6900,4290,10640,0.00135829806694294,0.000833338592201471,0.379558831453323,455.467712402344,0.000247977687890625,273025872,1106,49042800640.0,242915392.0,92200680.0,202430.765625,0.2975713552
1450,1,631739998,False,0.0610948391258717,9650,3850,5510,2.79637133289524e-06,0.000127598861581646,0.0397968627512455,311.890411376953,5.10519535064697e-07,273025872,115,564991104.0,3266100.0,129980.53125,416.750640869141,0.0040009725
1451,3,631740290,True,1.0,7390,5130,6170,0.0183679058208388,0.362635120415368,750.867917034805,2070.58796780287,0.00335333674375,273025872,313,8311690240.0,7548683.5,5668064256.0,2737417.75,0.0092471372875
1452,3,631740523,False,0.191078767180443,8300,1750,8770,0.00014282616037498,0.00106295938670412,0.317971610486891,299.138061589366,2.60750581054687e-05,273025872,649,2053518976.0,20025000.0,6367381.5,21285.76171875,0.024530625
1453,3,631740216,False,0.274443775415421,9360,2260,9890,0.000670573102512375,0.000296924469132245,0.114224350211571,384.691603711171,0.000122423179101562,273025872,312782636,47806189568.0,336574784.0,38445036.0,99937.2890625,0.4123041104
1454,3,631740754,False,0.26730489730835,2140,3640,5920,0.0001639713533076,0.00202206715135041,0.486387523582564,240.539748275786,2.99354302734375e-05,273025872,949,99530044.0,12085200.0,5878090.5,24437.0859375,0.01480437
1455,2,631739006,False,0.259340137243271,5370,2320,8190,0.00504461173855844,0.00177353317849338,0.567882001399994,320.198120117188,0.000920969546875,273025872,945,49926877184.0,423906304.0,240728752.0,751811.875,0.5192852224
1456,2,631738760,False,0.463184386491776,6210,5520,6040,0.0111414419414172,0.00471449261410964,1.72106636114528,365.058661030549,0.00203403735869141,273025872,157,30813854080.0,352198804.0,606157514.0,1660438.66015625,0.4314435349
1457,1,631739418,False,0.0431645028293133,4450,1160,4470,3.76763314438543e-06,3.27997497606702e-07,0.000121040757221635,369.029510498047,6.87837948608398e-07,273025872,962,147321618432.0,1711904384.0,207210.203125,561.500366210938,2.0970828704
1458,3,631740332,False,0.18142594397068,7110,5630,7030,0.00021623918568337,0.00287471452464062,0.910397242738885,316.691356632254,3.94777071411133e-05,273025872,356,1245978880.0,11210400.0,10205917.25,32226.6997070312,0.01373274
1459,3,631740933,False,0.824735879898071,6500,1190,6430,0.0905305746208091,0.00143108874194226,0.615778121970858,430.286469261949,0.0165277144422388,273025872,254,1419106163987.28,9427795352.0,5805430116.18015,13492011.7895827,11.5490493062
1460,1,631739250,False,0.332351386547089,9570,1560,5130,0.00281334129092565,0.000164837432829566,0.0644927525451753,391.250648824759,0.00051361765546875,273025872,294,417713178624.0,2543595296.0,164043462.0,419279.71875,3.1159042376
1461,1,631739636,False,0.351481229066849,7480,7410,2340,0.000655001378781548,0.000180420247488655,0.0521892048418522,289.264678955078,0.00011958032734375,273025872,655,82042773504.0,541051200.0,28237032.0,97616.59375,0.66278772
1462,3,631740594,False,0.208549290895462,9720,2790,9200,0.000492654983956246,0.000131032690747502,0.0443260637826418,338.282481492024,8.99415576171875e-05,273025872,743,73960439808.0,560331008.0,24837268.0,73421.6796875,0.6864054848
1463,3,631740924,False,0.262260347604752,2720,2810,6530,0.000750793619656039,0.00110785135836903,0.317258034174325,286.37238360333,0.000137068637890625,273025872,526157196,2533485440.0,100999800.0,32042998.0,111892.765625,0.123724755
1464,1,631739601,False,0.0,0,0,0,0.0,0.0,0.0,0.0,0.0,273025872,702,52383764480.0,255314704.0,0.0,0.0,0.3127605124
1465,3,631740226,False,0.0,0,0,0,0.0,0.0,0.0,0.0,0.0,273025872,225,37308438528.0,674159424.0,0.0,0.0,0.8258452944
1466,1,631739214,False,0.0461373776197433,8330,5490,5430,6.602413594336e-06,5.76638085476588e-05,0.0158800855278969,275.390869140625,1.20536964416504e-06,273025872,607344858,2813415936.0,17064000.0,270977.78125,983.975219726562,0.0209034
1467,3,631740080,False,0.283211767673492,5950,4200,6030,0.00180331012581227,0.00129859030362858,0.558011005195287,429.705199273448,0.00032922131484375,273025872,15,36800270336.0,206956800.0,115484172.0,268752.09375,0.25352208
1468,1,631739631,False,0.0,0,0,0,0.0,0.0,0.0,0.0,0.0,273025872,662,2082568192.0,17704800.0,0.0,0.0,0.02168838
1469,3,631740742,False,0.172985941171646,6610,1260,8070,0.000150972602823672,9.69068354300009e-05,0.0365392281181334,377.055219644716,2.75623133789062e-05,273025872,182305705,47876280320.0,232180192.0,8483685.0,22499.84765625,0.2844207352
1470,2,631739036,False,0.120993830263615,9780,1900,9160,2.71605712397058e-05,2.98259164992487e-05,0.0112363006919622,376.729461669922,4.95856971435547e-06,273025872,973,26942400512.0,135714592.0,1524930.0,4047.81201171875,0.1662503752
1471,2,631738556,False,0.732231080532074,8950,3800,6920,0.618522152977599,0.00961802914758041,3.7685065937074,391.816923808703,0.11292049744996,273025872,323,1327241622816.0,9584083860.0,36117683221.0547,92179997.918335,11.7405027285
1472,3,631740666,False,0.540693759918213,4620,2700,7980,0.0102950905749034,0.00059267362095944,0.189231974357368,319.285299134848,0.0018795232206543,273025872,844,249919389696.0,2588785152.0,489880925.5,1534304.66992188,3.1712618112
1473,3,631740678,False,0.0,0,0,0,0.0,0.0,0.0,0.0,0.0,273025872,859,1794881536.0,25117200.0,0.0,0.0,0.03076857
1474,3,631740441,False,0.132234066724777,2340,4050,7090,8.0704307669289e-05,8.47279786047816e-05,0.0190147648694799,224.421320826918,1.47337820068359e-05,273025872,538,5468224896.0,141955200.0,2699244.75,12027.5771484375,0.17389512
1475,2,631738435,False,0.306339353322983,8130,3220,5830,0.00080858338772344,0.00510464375838637,1.75156855583191,343.132385253906,0.000147619026953125,273025872,158,946642816.0,23607000.0,41349280.0,120505.328125,0.028918575
1476,1,631739751,False,0.0,0,0,0,0.0,0.0,0.0,0.0,0.0,273025872,469,1351798528.0,12598200.0,0.0,0.0,0.015432795
1477,1,631738500,False,0.0379903540015221,7220,760,2780,2.81464326151941e-06,5.45955208508531e-06,0.00163032277487218,298.618438720703,5.13855349731445e-07,273025872,312782604,13141630976.0,76833000.0,125262.59375,419.473754882812,0.094120425
1478,3,631740196,False,0.5929074883461,6920,3280,6130,0.00660074105688272,0.00317079123504146,1.38597731386293,437.107715748056,0.00120506429736328,273025872,186,33421679616.0,310246208.0,429994206.0,983725.95703125,0.3800516048
1479,2,631738844,False,0.529391765594482,8000,5980,5730,0.000350558922596113,0.00150860717985779,0.577092707157135,382.533447265625,6.39997900390625e-05,273025872,732,5269365760.0,34631100.0,19985356.0,52244.7265625,0.0424230975
1480,3,631740737,False,0.297709554433823,8980,6770,6620,0.000873350900858286,0.000149857918214174,0.0521519480480686,348.009292198587,0.000159443308050537,273025872,931,73721651200.0,868541376.0,45296124.71875,130157.802490234,1.0639631856
1481,1,631739327,False,0.44746795296669,9010,4680,3320,0.00825503536088582,0.000115280066668878,0.0408116659039699,354.021879785985,0.00150708053855591,273025872,1080,2613050868480.0,10672008292.0,435542436.9375,1230269.82739258,13.0732101577
1482,3,631740152,False,0.237278327345848,7630,4600,3000,0.000279003085837653,6.62538054983531e-05,0.0179206031212476,270.484132744542,5.09361986328125e-05,273025872,125,4219510912.0,627595200.0,11246884.5,41580.5703125,0.76880412
1483,1,631738348,False,0.145545065402985,5580,6850,5380,8.00425202881689e-05,0.000528821721673012,0.190171226859093,359.613098144531,1.46129627929687e-05,273025872,576073699,1924847488.0,22557600.0,4289806.5,11928.94921875,0.02763306
1484,3,631740121,False,0.207551673054695,8620,2100,9250,0.000462108930741456,0.000369593948566805,0.137630449114692,372.382853259338,8.43649173828125e-05,273025872,74,31854973952.0,186337792.0,25645754.0,68869.3203125,0.2282637952
1485,3,631740384,False,0.00086271611507982,12570,6600,3450,8.84705790850665e-09,7.92583683001457e-10,3.75466650596518e-07,473.724931069301,1.61516313552856e-09,273025872,437,100004806656.0,1663547392.0,624.606567382812,1.31850051879883,2.0378455552
1486,3,631740730,False,0.568698585033417,8260,5450,7690,0.00589200520314015,0.00110154850626935,0.307902706428183,279.51806450264,0.00107567393554687,273025872,924,8609800704.0,797151616.0,245445140.0,878101.171875,0.9765107296
1487,3,631740932,True,0.998563170433044,6330,800,6190,0.0415182932908631,0.242867775593493,448.627529281323,1847.20895221697,0.00757978725435791,273025872,254,19481817758.75,25477161.0478516,11429755814.0,6187581.43212891,0.0312095222836182
1488,1,631739807,False,0.258804053068161,6190,2440,5260,0.00133105073173756,2.60363560179345e-05,0.0131762668574577,506.071850007796,0.000243003278112793,273025872,375,1958816563200.0,7618962608.0,100389484.5,198370.022949219,9.3332291948
1489,1,631738517,False,0.0473768375813961,9130,1870,1530,1.43648619339694e-05,6.41575097688474e-05,0.0161736235022545,252.092437744141,2.62252103271484e-06,273025872,312782578,4427746304.0,33368400.0,539687.9375,2140.83349609375,0.04087629
1490,2,631739098,False,0.0,0,0,0,0.0,0.0,0.0,0.0,0.0,273025872,1041,425756000256.0,2578113024.0,0.0,0.0,3.1581884544
1491,3,631740142,False,0.102308444678783,5770,1180,7910,7.57154943147466e-05,1.9391293612788e-05,0.00701263163919855,361.638154690924,1.38229992919922e-05,273025872,113,97536180224.0,581914816.0,4080754.25,11284.0810546875,0.7128456496
1492,2,631738641,False,0.325984120368958,8630,1620,7340,0.00213980957715505,0.000743001117371023,0.119804970920086,161.244674682617,0.0003906543375,273025872,443,5230384128.0,429207296.0,51421168.0,318901.5,0.5257789376
1493,3,631740948,True,0.799368560314178,6830,5380,6630,0.0094056425814295,0.211619977348665,355.519226460818,1679.98896377853,0.001717141146875,273025872,290,5294008832.0,6623892.0,2354920960.0,1401747.875,0.0081142677
1494,3,631740259,False,0.207021266222,5830,6880,3730,0.000387564287999764,0.000429045465531624,0.155785724765712,363.098406302184,7.0755674609375e-05,273025872,268,28814720000.0,134623808.0,20972467.5,57759.734375,0.1649141648
1495,3,631740307,False,0.631885945796967,7040,1750,9710,0.0124034533288636,0.000326651165767033,0.120989816858687,370.394566248009,0.00226443646884766,273025872,329,1096476409088.0,5659001896.0,684681603.0,1848519.56640625,6.9322773226
1496,3,631740468,False,0.544111371040344,4230,4320,8320,0.0157713517256105,0.00300362865828173,0.94185919903229,313.573782310059,0.00287929684287109,273025872,579,56985384960.0,782535616.0,737038368.5,2350446.40234375,0.9586061296
1497,2,631739139,False,0.148865237832069,5870,1370,7760,7.87615837801882e-05,9.5609444542788e-05,0.0377917811274529,395.2724609375,1.43791086181641e-05,273025872,1094,25991792640.0,122770800.0,4639727.0,11738.0478515625,0.15039423
1498,2,631739161,False,0.371721774339676,7710,4980,10550,0.0040937559438934,0.00138466653879732,0.501302123069763,362.038177490234,0.0007473765578125,273025872,1121,72665620480.0,440613888.0,220880688.0,610103.3125,0.5397520128
1499,3,631740949,False,0.992675125598907,6470,5200,6960,0.470138537345733,0.0137104574011482,6.78367380341115,494.780998542253,0.0858308425202026,273025872,290,753616266496.0,5110405280.0,34667322422.75,70065993.894043,6.260246468
1500,3,631740221,False,0.453300982713699,7390,3140,6660,0.00635412514237509,0.000876325128474432,0.330763025398933,377.443273793539,0.00116004086269531,273025872,218,147783852032.0,1080617344.0,357428262.0,946972.1328125,1.3237562464
1501,1,631740028,False,0.383757591247559,6690,5640,5440,0.0039569113533004,0.0100309578701854,4.52099609375,450.704315185547,0.000722393525,273025872,63,12530506752.0,58788900.0,265784384.0,589709.0,0.0720164025
1502,2,631739078,False,0.578948199748993,6020,1230,6140,0.00314246756785549,0.000869072915520519,0.354121178388596,407.470031738281,0.00057370459453125,273025872,1015,71481204736.0,538884928.0,190830560.0,468330.28125,0.6601340368
1503,3,631740888,False,0.273625254631042,7950,3950,7260,0.00178495465222387,0.00125396212708066,0.434307350354104,346.34806026017,0.000325870247790527,273025872,560581551,26761448448.0,212140800.0,92134308.75,266016.528808594,0.25987248
1504,2,631738387,False,0.958819925785065,4000,5060,9330,0.568575139873215,0.0238535944909994,11.324893640198,474.766754522939,0.103801920954785,273025872,95,529755703408.0,3552347720.0,40229960102.0,84736262.0039062,4.351625957
1505,1,631739353,False,0.0945582985877991,8470,4320,3410,3.16582157569135e-05,0.000171475272509269,0.065915547311306,384.402648925781,5.77968218994141e-06,273025872,1044,2984306432.0,27514800.0,1813653.125,4718.10791015625,0.03370563
1506,2,631738865,True,0.453150570392609,6230,1010,6340,0.000421898285193251,0.203966572880745,241.124038696289,1182.17431640625,7.70238608398437e-05,273025872,767,169824720.0,308269.25,74331128.0,62876.62109375,0.00037762983125
1507,1,631740011,False,0.000150280888192356,11730,4860,3690,9.07538046711825e-10,4.90956830745404e-10,2.61025377312762e-07,531.666687011719,1.65684684365988e-10,273025872,96,37111623680.0,275488192.0,71.9094085693359,0.135252803564072,0.3374730352
1508,3,631740507,False,0.169123247265816,8280,2610,4270,9.74917098207798e-05,7.85664365398498e-05,0.0264993200203318,337.285502402684,1.77985740966797e-05,273025872,628,25946430464.0,184932000.0,4900572.25,14529.4482421875,0.2265417
1509,3,631740608,False,0.0,0,0,0,0.0,0.0,0.0,0.0,0.0,273025872,765,4110067072.0,51346800.0,0.0,0.0,0.06289983
1510,1,631739721,False,0.0659874603152275,9470,490,4360,2.30804516870712e-05,7.28845455251887e-06,0.0019165298226905,262.954211881331,4.21368268432617e-06,273025872,533,92437086976.0,471943804.0,904494.375,3439.74096679688,0.5781311599
1511,3,631740123,False,0.317740112543106,8740,6170,4140,0.000859129304965745,0.000130031205616266,0.0377498226336464,290.313563230734,0.000156846942382812,273025872,78,4500209216.0,984673792.0,37171261.0,128038.3203125,1.2062253952
1512,2,631738607,False,0.328787624835968,6080,6550,7050,0.00220392849508111,0.0155477598309517,5.75524616241455,370.165618896484,0.0004023602078125,273025872,390,2722731520.0,21125700.0,121583600.0,328457.3125,0.0258789825
1513,1,631739650,False,0.00297867180779576,10240,1960,5690,9.95916070866557e-08,1.81685106781515e-06,0.00129506073426455,712.805114746094,1.81819418430328e-08,273025872,633,765629824.0,8169300.0,10579.7392578125,14.8424015045166,0.0100073925
1514,3,631740899,False,0.371721774339676,7710,4980,10550,0.00489883040052678,0.00082848693061679,0.292445716100533,352.98772411873,0.000894354976757812,273025872,1121,138505760768.0,881227776.0,257711288.0,730085.6953125,1.0795040256
1515,2,631739864,False,0.234238639473915,7030,600,8190,0.00164950794700053,0.0022793048992753,0.949678182601929,416.652526855469,0.000301142419921875,273025872,312782550,22385721344.0,107853296.0,102425920.0,245830.546875,0.1321202876
1516,3,631740691,True,0.998563170433044,6330,800,6190,0.0404497067104073,0.247237258038039,460.973814371715,1864.49978465945,0.0073847007442749,273025872,879,19038986724.0,24382761.6679688,11239814651.0,6028327.13818359,0.0298688830432617
1517,2,631738552,False,0.322427034378052,6150,6630,8490,0.00829382069975893,0.00184944805217414,0.695515446251209,376.066494775881,0.00151416138398437,273025872,319,133340037120.0,668334592.0,464837032.0,1236050.109375,0.8187098752
1518,2,631738793,False,0.368222653865814,9700,2970,10320,0.0223748726847469,0.000550196724278626,0.21124440240692,383.943402578209,0.00408486865309198,273025872,669,1115457740160.0,6060717028.0,1280292546.7373,3334586.65558529,7.4243783593
1519,2,631738708,False,0.105609565973282,7780,1010,7950,4.18205910336856e-06,4.82387031297549e-06,0.00202363170683384,419.503753662109,7.63497624206543e-07,273025872,565,25701601280.0,129204000.0,261461.3125,623.263366699219,0.1582749
1520,3,631740648,False,0.564376652240753,9530,3220,9560,0.0302063159267807,0.000270306895893662,0.0939988167326032,347.748496840355,0.00551461609606449,273025872,822,2640344301568.0,16654134592.0,1565468945.35352,4501727.42535877,20.4013148752
1521,3,631740857,False,0.0,0,0,0,0.0,0.0,0.0,0.0,0.0,273025872,1066,34057011200.0,186256800.0,0.0,0.0,0.22816458
1522,2,631738900,False,0.653778076171875,5850,4950,7350,0.0573598077644203,0.00955375680511256,3.54540379112717,371.100485751312,0.010471893359375,273025872,818,97769959424.0,894777264.0,3172346704.0,8548484.375,1.0961021484
1523,3,631740184,False,0.454151630401611,8490,4400,5750,0.0038927184407607,0.000878803544476801,0.309767781486901,352.488088417216,0.000710674145860791,273025872,165,97572422560.0,660150000.0,204493200.948578,580142.15988636,0.80868375
1524,3,631740212,False,0.308785796165466,9530,2710,9900,0.000177752860100246,0.000485460198295546,0.198580489217282,409.056169619052,3.24514510742187e-05,273025872,312782640,11126085120.0,54568800.0,10836299.0,26490.98046875,0.06684678
1525,3,631740879,False,0.239229544997215,6390,4630,6110,0.000603837590183949,0.000409344465277183,0.183000006986804,447.056263147194,0.000110239610229492,273025872,1096,44798906368.0,219843008.0,40231272.0,89991.5185546875,0.2693076848
1526,1,631740005,False,0.219221711158752,4480,5020,1690,0.000553123772734004,4.9181953243482e-05,0.0122167164335546,248.398358094361,0.000100981042098236,273025872,104,173593475584.0,1676092516.0,20476346.984375,82433.5037536621,2.0532133321
1527,3,631740667,False,0.0,0,0,0,0.0,0.0,0.0,0.0,0.0,273025872,846,43495897088.0,301485600.0,0.0,0.0,0.36931986
1528,1,631740038,False,0.272972583770752,7040,5390,5210,0.000693496499282743,0.000882014145169759,0.305279714716618,346.116574647293,0.000126608189054871,273025872,46,5206910240.0,117179100.0,35772402.21875,103353.623718262,0.1435443975
1529,3,631740198,False,0.495388716459274,2110,3320,6690,0.00645215016783687,0.00691742098805852,1.92743183213517,278.634455740438,0.0011779368015625,273025872,188,3271056384.0,139008608.0,267929616.0,961581.0625,0.1702855448
1530,1,631740039,False,0.555800795555115,3460,3350,4910,0.000330987288351147,0.000129829126513512,0.0374087533431098,288.138373473663,6.04266946144104e-05,273025872,44,44348288768.0,379944896.0,14213264.8984375,49327.9139709473,0.4654324976
1531,3,631740214,False,0.308954387903214,7920,6020,6600,0.000945142124435415,0.00202091603197866,0.877117027931294,434.019530773139,0.000172549872851562,273025872,210,8557791232.0,69699600.0,61134706.0,140857.0390625,0.08538201
1532,2,631738438,False,0.282174587249756,10150,3670,5980,0.00107468824110703,0.00174919504206628,1.1387677192688,651.02392578125,0.000196200459765625,273025872,162,16080839680.0,91564200.0,104270360.0,160163.640625,0.112166145
1533,2,631739687,False,0.35423544049263,7970,6170,5900,0.000374087690266163,0.000912417774088681,0.358682632446289,393.1123046875,6.829531953125e-05,273025872,606826651,11306712064.0,61102800.0,21916514.0,55751.28125,0.07485093
1534,1,631739112,False,0.352226048707962,5780,5330,5530,0.00213155045491225,0.000901963940495806,0.348406765529505,386.27571445704,0.000389146510839844,273025872,157,32006991744.0,352198804.0,122708446.125,317670.62109375,0.4314435349
1535,3,631740078,False,0.376775413751602,8330,2890,6990,0.00918373536161943,0.000746379695246406,0.285007987987045,381.853887240265,0.00167662865507812,273025872,10,287298928640.0,1833753600.0,522634424.0,1368676.453125,2.24634816
1536,2,631738661,False,0.761689603328705,4830,4620,7140,0.631323442040647,0.00465025985613465,1.83445370197296,394.484100341797,0.1152575648,273025872,477,3264469406208.0,20232806400.0,37116145664.0,94087808.0,24.78518784
1537,3,631740611,False,0.565205693244934,6460,1460,6540,0.022260086269774,0.000592358381056492,0.142114466831444,239.9129840587,0.00406391267113266,273025872,768,259469816016.0,5600460528.0,795906461.947266,3317479.73153687,6.8605641468
1538,2,631738381,False,0.508029758930206,6010,2430,7630,0.004609885282109,0.00041248623165302,0.226803481578827,549.844970703125,0.0008416037109375,273025872,81,47261528064.0,1665566976.0,377756384.0,687023.4375,2.0403195456
1539,3,631740867,False,0.441625267267227,3610,3620,6570,0.00124109851447596,0.0189800317378554,5.52955979530307,291.33564536009,0.000226581151482391,273025872,1081,661601600.0,9745200.0,53886666.1171875,184964.205291748,0.01193787
1540,1,631739841,False,0.0185166504234076,6470,1430,4940,1.54468801247707e-06,1.64971115736989e-05,0.0037766604218632,228.928573608398,2.82005968475342e-07,273025872,330,718814208.0,13954500.0,52701.40625,230.208953857422,0.0170942625
1541,3,631740647,False,0.0720177069306374,7740,750,8400,1.99607314542173e-05,1.65346076186014e-06,0.000583065635393878,352.633487799209,3.64413095703125e-06,273025872,821,325281824768.0,1799136000.0,1049014.375,2974.80078125,2.2039416
1542,3,631740327,False,0.0699063166975975,10500,4590,6650,6.32132166487799e-05,0.000391546072627391,0.224821068988305,574.188032278522,1.15405209579468e-05,273025872,350,3709137152.0,24060600.0,5409329.8125,9420.83343505859,0.029474235
1543,3,631740605,False,0.148808136582375,8000,2230,9910,1.18384012102444e-05,2.64204238749978e-05,0.0121416476484841,459.555369207153,2.16127772827148e-06,273025872,759,16111277056.0,66778200.0,810797.375,1764.30834960938,0.081803295
1544,3,631740713,True,0.267108589410782,6370,1120,6460,1.58076789940257e-05,0.267362513782895,186.329182699378,696.915884216596,2.88592893066406e-06,273025872,906,2972372.25,8811.4833984375,1641836.5,2355.8603515625,1.07940671630859e-05
1545,2,631738809,False,0.375120550394058,6350,1040,5960,0.00404602227736726,0.000798233144450933,0.341382890939713,427.673187255859,0.0007386620609375,273025872,687,157061443320.0,755405184.0,257882416.0,602989.4375,0.9253713504
1546,1,631739625,False,0.0,0,0,0,0.0,0.0,0.0,0.0,0.0,273025872,670,35030450176.0,190680304.0,0.0,0.0,0.2335833724
1547,1,631739809,False,0.0,0,0,0,0.0,0.0,0.0,0.0,0.0,273025872,372,520722080.0,24060600.0,0.0,0.0,0.029474235
1548,2,631739888,False,0.18984679877758,9420,2360,9730,5.73117635535349e-05,0.00033150622039102,0.190657630562782,575.125366210938,1.04631221679687e-05,273025872,312782586,6656580608.0,25765200.0,4912332.0,8541.32421875,0.03156237
1549,3,631740581,False,0.559897780418396,3600,4330,7200,0.0713831847886618,0.00433282090716609,1.37262199592875,316.79638400437,0.0130320711992187,273025872,723,178508485696.0,2455311608.0,3370214720.0,10638425.46875,3.0077567198
1550,3,631740796,False,0.125841990113258,8670,2930,10340,0.000228788235931789,0.00017735312153454,0.0824463003187443,464.870872333013,4.17687245117187e-05,273025872,990,49429069824.0,192254400.0,15850664.0,34096.91796875,0.23551164
1551,2,631738778,False,0.418536871671677,4660,1970,7350,0.00305518698930666,0.000309158669551834,0.110384918749332,357.049407958984,0.000557770215625,273025872,648,229239029760.0,1472779776.0,162572672.0,455322.625,1.8041552256
1552,2,631739109,False,0.0,0,0,0,0.0,0.0,0.0,0.0,0.0,273025872,1056,441731547136.0,2562201088.0,0.0,0.0,3.1386963328
1553,3,631740761,False,0.0,0,0,0,0.0,0.0,0.0,0.0,0.0,273025872,957,422894862336.0,1972380544.0,0.0,0.0,2.4161661664
1554,3,631740906,False,0.999758660793304,6490,5150,7030,2.16341629216887,0.0101710095524554,5.75139689948809,565.469619296506,0.394964097449078,273025872,1129,5227406628552.0,31699869096.0,182318528832.913,322419671.387002,38.8323396426
1555,2,631739208,True,0.799368560314178,6830,5380,6630,0.0094056425814295,0.211619977348665,355.519226460818,1679.98896377853,0.001717141146875,273025872,290,5294008832.0,6623892.0,2354920960.0,1401747.875,0.0081142677
1556,2,631738765,False,0.313766777515411,8190,6750,9190,0.00927533797955624,0.000940795585545283,0.320401717049793,340.564647594609,0.00169335208710937,273025872,631,251312680960.0,1469318368.0,470772128.0,1382328.234375,1.7999150008
1557,2,631738938,False,0.993378639221191,7220,4940,5930,0.375870779433229,0.0191174143033598,12.7753056497107,668.254892999074,0.0686208492067409,273025872,864,544675083776.0,2930156708.0,37433647546.25,56017019.7606049,3.5894419673
1558,3,631740750,False,0.259340137243271,5370,2320,8190,0.00504461173855844,0.00088676656599096,0.283940990884627,320.198124032026,0.000920969546875,273025872,945,101378084864.0,847812608.0,240728752.0,751811.875,1.0385704448
1559,1,631738489,False,0.0,0,0,0,0.0,0.0,0.0,0.0,0.0,273025872,312782616,25063108608.0,109932304.0,0.0,0.0,0.1346670724
1560,2,631738654,False,0.237788140773773,6390,2670,6290,0.000515835096910967,2.72751931333914e-05,0.0127011109143496,465.665283203125,9.41734349609375e-05,273025872,463,703604850688.0,2818541824.0,35798612.0,76876.2734375,3.4527137344
1561,2,631739276,False,0.251106530427933,6220,1990,7560,0.00298919033691915,0.000922475359402597,0.234782978892326,254.514099121094,0.00054572153671875,273025872,484682512,13947448320.0,482925600.0,113382712.0,445486.96875,0.59158386
1562,3,631740900,False,0.0254157241433859,11160,6360,3220,3.00862471423254e-06,5.73506189483359e-07,0.000139846585024473,243.844944638615,5.49269573831558e-07,273025872,1123,1387858768.0,781828224.0,109336.007202148,448.383325576782,0.9577395744
1563,1,631740019,False,0.317740112543106,8740,6170,4140,0.000547961288313122,0.000165870413184166,0.0489061810076237,294.845733642578,0.000100038553125,273025872,78,3484821248.0,492336896.0,24078318.0,81664.125,0.6031126976
1564,2,631738542,False,0.0811255127191544,8970,1860,8570,4.14815237005241e-05,8.3527913375292e-05,0.0276483967900276,331.007873535156,7.5730744140625e-06,273025872,305,6635891712.0,74012400.0,2046324.25,6182.1015625,0.09066519
1565,3,631740499,False,0.204912111163139,9850,3560,6710,0.00102531112608877,0.000307897239452479,0.146089593921869,474.475166395301,0.000187185926715088,273025872,616,52446468096.0,496285184.0,72502101.0,152804.838134766,0.6079493504
1566,3,631740600,True,0.0588000863790512,7580,5400,6090,1.30697202510989e-06,0.198961510523799,191.738821469387,963.698058808475,2.38607349014282e-07,273025872,753,622530.4375,978.990905761719,187710.5625,194.781509399414,1.19926385955811e-06
1567,2,631738726,False,0.574693620204926,8420,3860,5750,0.00991188314720492,0.0355373248457909,13.4649839401245,378.896942138672,0.00180956295625,273025872,587,6504760320.0,41567400.0,559704384.0,1477194.25,0.050920065
1568,1,631739383,False,0.307039737701416,7370,6620,4890,0.00106834399388587,0.00181424699258059,0.710394978523254,391.564666748047,0.000195042222265625,273025872,1004,13599678464.0,87759904.0,62344196.0,159218.140625,0.1075058824
1569,1,631739776,False,0.0,0,0,0,0.0,0.0,0.0,0.0,0.0,273025872,429,47528722432.0,756405888.0,0.0,0.0,0.9265972128
1570,2,631738470,False,0.0,0,0,0,0.0,0.0,0.0,0.0,0.0,273025872,209,4142496256.0,129404704.0,0.0,0.0,0.1585207624
1571,2,631739200,False,0.493961542844772,4510,4650,6450,0.0104513412654588,0.00570011278614402,1.97050511837006,345.695831298828,0.001908049128125,273025872,266,41998802944.0,273256192.0,538452736.0,1557591.125,0.3347388352
1572,1,631740059,False,0.236787632107735,8310,2700,5210,0.000428391147076565,6.78894939483143e-05,0.0329098701477051,484.756439208984,7.82092301757812e-05,273025872,17,166324027392.0,940414528.0,30948920.0,63844.26953125,1.1520077968
1573,2,631739087,False,0.0113856019452214,12480,4960,8500,1.31175230368759e-06,8.8963993505331e-08,3.68488872481976e-05,414.200012207031,2.39480060577393e-07,273025872,1025,396872843264.0,2197449984.0,80973.5859375,195.493927001953,2.6918762304
1574,1,631738534,False,0.0,0,0,0,0.0,0.0,0.0,0.0,0.0,273025872,312782554,37626900480.0,192023104.0,0.0,0.0,0.2352283024
1575,3,631740896,False,0.0226018838584423,10690,5070,6230,1.47503441144984e-06,8.41441569238435e-06,0.00415460844558128,493.748894452825,2.69289658737183e-07,273025872,1116,127459360.0,26125200.0,108539.9765625,219.82829284668,0.03200337
1576,3,631740928,False,0.0641855299472809,7360,3190,3050,8.02618847933456e-06,6.41121878610652e-06,0.0020047756957576,312.698062980172,1.46530110740662e-06,273025872,496345664,29508078592.0,186573600.0,374038.21875,1196.16416931152,0.22855266
1577,2,631738901,False,0.359038382768631,4110,2860,6570,0.000633046773259537,0.00337815028615296,0.761321544647217,225.366394042969,0.000115572184765625,273025872,819,1814339072.0,27927900.0,21262112.0,94344.640625,0.0342116775
1578,3,631740623,False,0.242454364895821,7830,4190,9860,0.000713898496451506,0.00131704988846553,0.413630478001342,314.058322030045,0.0001303328796875,273025872,786,9729692672.0,80782200.0,33413980.0,106394.1875,0.098958195
1579,2,631738393,False,0.586288809776306,6270,5290,7220,0.00599653273602239,0.0176742877811193,5.76746892929077,326.319732666016,0.0010947570046875,273025872,102,5498007040.0,50563800.0,291625152.0,893679.1875,0.061940655
1580,3,631740224,False,0.276889652013779,6430,7120,5960,0.00204906106104907,0.00119082104914203,0.391298513818308,328.595563624134,0.000374086834570312,273025872,223,16755516928.0,256442400.0,100345530.0,305377.0078125,0.31414194
1581,2,631738336,False,0.323613405227661,8140,5130,5720,0.000252686679297599,0.00096416543237865,0.334874927997589,347.321014404297,4.61317438476562e-05,273025872,12,4977995776.0,39058200.0,13079612.0,37658.56640625,0.047846295
1582,1,631739761,False,0.0,0,0,0,0.0,0.0,0.0,0.0,0.0,273025872,451,40737959936.0,188746208.0,0.0,0.0,0.2312141048
1583,3,631740629,True,0.799368560314178,6830,5380,6630,0.0094056425814295,0.211619977348665,355.519226460818,1679.98896377853,0.001717141146875,273025872,797,5294008832.0,6623892.0,2354920960.0,1401747.875,0.0081142677
1584,2,631739008,False,0.693818509578705,7110,5620,6230,0.17052649432747,0.093986302614212,60.8918113708496,647.879638671875,0.0311321696,273025872,946,81422704640.0,270401280.0,16465223680.0,25414016.0,0.331241568
1585,2,631738349,False,0.227300927042961,6000,6620,5730,0.000353662400386559,0.00230647111311555,0.99260938167572,430.358459472656,6.45663764648437e-05,273025872,30,1270566400.0,22851900.0,22683010.0,52707.24609375,0.0279935775
1586,2,631738574,False,0.999758660793304,6490,5150,7030,2.99716356571014,0.00831575030778881,4.33625813230133,521.45121868797,0.547177169240604,273025872,343,6253164394472.0,53714364148.0,232919348358.16,446675240.196411,65.8000960813
1587,2,631738619,False,0.351166188716888,3440,4410,7240,0.00409883578700484,0.00218527647666633,0.712258338928223,325.935119628906,0.000748303959375,273025872,412,20122953728.0,279534592.0,199100848.0,610860.375,0.3424298752
1588,1,631739356,False,0.0,0,0,0,0.0,0.0,0.0,0.0,0.0,273025872,1039,1459125760.0,36730800.0,0.0,0.0,0.04499523
1589,1,631739498,False,0.138931974768639,8930,4760,4820,3.83146225716763e-05,2.09444206120679e-05,0.00647281017154455,309.046997070312,6.99490910644531e-06,273025872,863,4373865024.0,272632512.0,1764698.5,5710.1298828125,0.3339748272
1590,2,631738655,False,0.317219108343124,6380,1810,6740,0.000805832417621045,0.000191634157090448,0.0784845501184464,409.554077148438,0.00014711679609375,273025872,466,43729321984.0,626690688.0,49185536.0,120095.34375,0.7676960928
1591,2,631738692,False,0.132234066724777,2340,4050,7090,8.0704307669289e-05,0.00016945596144069,0.0380295291543007,224.421325683594,1.47337820068359e-05,273025872,538,3421352192.0,70977600.0,2699244.75,12027.5771484375,0.08694756
1592,3,631740877,False,0.550862908363342,9790,5930,6490,0.0102152667894493,0.000720106517047913,0.317738685384397,441.238452731925,0.00186495019118652,273025872,1093,115170516992.0,2114143232.0,671745091.25,1522408.31933594,2.5898254592
1593,3,631740088,False,0.507164359092712,9180,2270,5860,0.00805525663328805,0.00111638228080048,0.389875054739634,349.230780033593,0.00147060793496094,273025872,26,163785662464.0,1075345152.0,419250250.0,1200496.2734375,1.3172978112
1594,1,631739352,False,0.0,0,0,0,0.0,0.0,0.0,0.0,0.0,273025872,1045,3373839104.0,26708400.0,0.0,0.0,0.03271779
1595,2,631738374,False,0.625811278820038,8540,3870,6010,0.00493560584568063,0.0205021090805531,7.3223991394043,357.153472900391,0.0009010688859375,273025872,67,3676283904.0,35877600.0,262710112.0,735566.4375,0.04395006
1596,2,631738414,False,0.464595109224319,6900,5370,9310,0.0114629450724997,0.00451790355145931,1.9034332036972,421.308929443359,0.002092732578125,273025872,131,79576629248.0,378129600.0,719744448.0,1708353.125,0.46320876
1597,1,631739766,False,0.408210247755051,6610,4140,5500,0.0206927147037784,0.00339688980478203,1.50030888124451,441.671342747836,0.0037777654796875,273025872,444,170280416256.0,907857000.0,1362065920.0,3083890.1875,1.112124825
1598,2,631738716,False,0.440607219934464,9130,5990,6660,0.0081911998379496,0.00393349770456553,1.35258436203003,343.863006591797,0.00149542640625,273025872,574,23323502592.0,310348800.0,419772928.0,1220756.25,0.38017728
1599,2,631738852,False,0.482147306203842,2110,3290,6520,0.0115024220674834,0.00214399175162835,0.674595996416881,314.644865543223,0.00209993969575195,273025872,746,45696886780.0,799553676.0,539375708.75,1714236.48632812,0.9794532531
1600,1,631739402,False,0.0607149451971054,11350,7140,4480,1.98902918393829e-05,9.30817532207584e-06,0.00338592892512679,363.758605957031,3.63127114868164e-06,273025872,978,13688167424.0,318462304.0,1078290.75,2964.30297851562,0.3901163224
1601,1,631739919,False,0.187144458293915,6440,7050,5510,0.000665345640745333,0.000773337204009295,0.239237830042839,309.357696533203,0.000121468827539062,273025872,223,8737920000.0,128221200.0,30675362.0,99158.2265625,0.15707097
1602,2,631738786,False,0.140896067023277,9890,3460,7640,9.4563470209781e-05,3.7500689359149e-05,0.0142176952213049,379.131561279297,1.72639800292969e-05,273025872,658,6752304128.0,375807616.0,5343118.0,14093.044921875,0.4603643296
1603,2,631738657,False,0.693818509578705,7110,5620,6230,0.325508496891658,0.028816316718985,15.6403283175775,542.759453614457,0.0594264590463684,273025872,467,335999049856.0,1683469668.0,26330018320.2031,48511395.1398926,2.0622503433
1604,2,631738651,False,0.187235116958618,8270,2450,9500,9.66153485540004e-05,0.00181411870289594,0.643691778182983,354.823394775391,1.76385812011719e-05,273025872,456,1122740480.0,7937100.0,5109046.0,14398.841796875,0.0097229475
1605,1,631739405,False,0.367263495922089,8390,4150,5690,0.00084261771799764,0.0109616322442889,4.45337057113647,406.268920898438,0.000153832504492187,273025872,975,1582472960.0,11456100.0,51018256.0,125577.5546875,0.0140337225
1606,1,631739787,False,0.10791788995266,6520,6420,3160,1.69667111800943e-05,3.07535156025551e-05,0.0139248380437493,452.788482666016,3.09752764282226e-06,273025872,1105,17209632768.0,82221296.0,1144918.25,2528.59399414062,0.1007210876
1607,3,631740161,False,0.267913967370987,10790,6110,6570,0.000997955267123212,5.94975903011222e-05,0.02269915871112,381.513916718942,0.000182191704296875,273025872,136,161182449664.0,2499730176.0,56741772.0,148727.921875,3.0621694656
1608,1,631739179,False,0.356299877166748,7730,4090,1760,0.000290514169479554,5.19858585903421e-05,0.0180681198835373,347.558380126953,5.30377196289062e-05,273025872,484682520,24461875200.0,832843776.0,15047921.0,43296.09765625,1.0202336256
1609,2,631738842,False,0.299932330846786,8130,4040,10100,0.0127222563385994,0.00804895721375942,2.82930874824524,351.512481689453,0.002322638740625,273025872,729,43692294144.0,235562400.0,666478784.0,1896031.625,0.28856394
1610,3,631740582,False,0.358510732650757,7270,4830,6890,0.00113728830145951,0.0019056672440118,0.935907966575821,491.118252421421,0.00020762903984375,273025872,725,15085326336.0,88941600.0,83241152.0,169493.09375,0.10895346
1611,1,631739905,False,0.343427449464798,10340,4950,5680,2.3424693175991e-05,7.98381806816906e-05,0.0430360101163387,539.040466308594,4.27652913208008e-06,273025872,238,2278171136.0,43726500.0,1881814.125,3491.04418945312,0.0535649625
1612,3,631740070,False,0.410125017166138,7540,6410,4460,0.00156823472956129,0.00240892442310646,0.826101061823219,342.933573963234,0.000286304774902344,273025872,1,13053323776.0,97021800.0,80149812.0,233718.18359375,0.118851705
1613,1,631739281,False,0.0573520846664906,8070,4190,3400,9.25372734358715e-06,0.000136208152980544,0.0466700121760368,342.637451171875,1.68940674133301e-06,273025872,563807439,1341961600.0,10125000.0,472533.875,1379.10754394531,0.012403125
1614,2,631739051,False,0.304275840520859,7050,1560,6220,0.000532205355791186,0.000236600884818472,0.0566660016775131,239.500366210938,9.71620712890625e-05,273025872,986,8916995072.0,335231104.0,18996206.0,79315.9765625,0.4106581024
1615,3,631740150,False,0.0,0,0,0,0.0,0.0,0.0,0.0,0.0,273025872,122,17193608192.0,329340608.0,0.0,0.0,0.4034422448
1616,2,631739135,False,0.659460604190826,5510,3690,9770,0.00547376559075915,0.000829470867756754,0.399991929531097,482.225402832031,0.0009993180203125,273025872,1090,222481186816.0,983482176.0,393384928.0,815769.8125,1.2047656656
1617,3,631740725,False,0.564376652240753,9530,3220,9560,0.023715783617612,0.000615723742179495,0.211074639749518,342.807374947686,0.00432967205883305,273025872,918,925004918784.0,5740279168.0,1211627357.44727,3534426.17047596,7.0318419808
1618,2,631738813,True,1.0,6860,5320,6170,0.0351881743014442,0.221560314297676,659.346130371094,2975.92138671875,0.006424129075,273025872,690,20564201472.0,23669342.0,15606288384.0,5244187.0,0.02899494395
1619,2,631738524,False,0.374251902103424,6470,1410,6530,5.94893746198587e-05,0.000573363271541893,0.182402536273003,318.127349853516,1.0860677734375e-05,273025872,279,874707328.0,15462900.0,2820472.25,8865.859375,0.0189420525
1620,1,631739575,False,0.331491321325302,8220,4950,5220,0.00153675161765399,0.00118741416372359,0.425191640853882,358.082000732422,0.000280557060546875,273025872,749,22142990336.0,192878096.0,82010152.0,229026.171875,0.2362756676
1621,2,631739132,False,0.0999530181288719,6570,880,7190,9.41957930798039e-05,0.000204235198907554,0.0847022235393524,414.728820800781,1.71968550537109e-05,273025872,1086,17234620416.0,68735696.0,5822066.5,14038.2490234375,0.0842012276
1622,1,631739605,False,0.0616965033113956,8360,4940,4630,8.56245784083222e-06,4.25996222475078e-06,0.00102225481532514,239.968032836914,1.56320512390137e-06,273025872,697,5799659520.0,299553312.0,306219.8125,1276.08581542969,0.3669528072
1623,3,631740217,False,0.647800028324127,8380,4650,6770,0.0361346760796687,0.00759566624574499,2.8399899196797,373.896091244219,0.00659692717304687,273025872,214,75235442688.0,708989376.0,2013522681.0,5385246.671875,0.8685119856
1624,2,631738358,False,0.758297264575958,3600,3460,6540,0.0618493033229523,0.0242602701326984,11.1779600902969,460.751674616807,0.0112915181203125,273025872,44,52552322112.0,379944896.0,4247008884.0,9217565.8125,0.4654324976
1625,2,631738740,False,0.122467152774334,7340,3300,8820,5.19434684255471e-05,1.1364349120413e-05,0.0033389525488019,293.809387207031,9.48305936279297e-06,273025872,603,8437397504.0,681189312.0,2274458.75,7741.27294921875,0.8344569072
1626,2,631738949,False,0.120600357651711,10240,4100,6040,6.75303845326613e-05,0.000215599138755351,0.147098287940025,682.276794433594,1.23286847167969e-05,273025872,880,7965316096.0,46680300.0,6866592.0,10064.232421875,0.0571833675
1627,2,631738689,False,0.255401402711868,8490,340,7490,0.000376167174152209,0.000118787855200148,0.0445861003892789,375.342246176218,6.86749605088949e-05,273025872,533,78214783360.0,471943804.0,21042133.8232422,56061.1922521591,0.5781311599
1628,1,631739829,False,0.0,0,0,0,0.0,0.0,0.0,0.0,0.0,273025872,344,74266419200.0,338659200.0,0.0,0.0,0.41485752
1629,2,631738701,False,0.277187615633011,6670,5250,8490,0.000681367873966994,0.000869004696141928,0.341972678899765,393.522247314453,0.0001243939265625,273025872,551,27418544128.0,116853296.0,39960636.0,101546.0625,0.1431452876
1630,2,631739193,False,0.824735879898071,6500,1190,6430,0.0887528507498863,0.00281357694547971,1.21678032190311,432.467405541544,0.0162031642820435,273025872,254,681792253637.844,4701159108.0,5720277892.75,13227072.8833008,5.7589199073
1631,3,631740472,False,0.488214105367661,3660,4200,7660,0.024581130122824,0.00739087292519332,2.23317225828571,302.152706573195,0.00448765404438476,273025872,583,65070200832.0,495664192.0,1106903523.0,3663391.05664062,0.6071886352
1632,3,631740642,False,0.50793045759201,3590,4640,5730,0.0426694415968818,0.0139992693839943,6.11092933155457,436.517732742636,0.00778994664594726,273025872,814,51810613248.0,454248000.0,2775877427.0,6359140.11914062,0.5564538
1633,3,631740572,False,0.249898821115494,8020,2620,6390,0.000379512842952505,0.00108117243674362,0.43781245818471,404.94230458127,6.92857625366211e-05,273025872,706,10304144896.0,52313400.0,22903458.25,56559.8061523438,0.064083915
1634,1,631739333,False,0.0,0,0,0,0.0,0.0,0.0,0.0,0.0,273025872,1070,129163296768.0,543617088.0,0.0,0.0,0.6659309328
1635,2,631738457,False,0.340306252241135,10130,7150,5970,0.000207866659575911,0.000122772180475295,0.0258521027863026,210.569702148438,3.79491769042969e-05,273025872,190,375292032.0,252328496.0,6523222.0,30978.919921875,0.3091024076
1636,3,631740145,False,0.173169493675232,5420,7190,6250,5.53506299248702e-05,2.9464601512516e-05,0.00774860915550812,262.980279988401,1.01050878051758e-05,273025872,117,1039715136.0,279964800.0,2169337.8125,8249.05126953125,0.34295688
1637,2,631738736,True,0.692171514034271,7070,4700,6070,0.000202715916524233,0.188299953937531,225.312103271484,1196.5595703125,3.70088314941406e-05,273025872,599,101008448.0,160442.375,36149608.0,30211.291015625,0.000196541909375
1638,2,631738834,False,0.596256792545319,7380,4630,7610,0.0147273295040867,0.00556993903592229,2.80239772796631,503.128967285156,0.002688694925,273025872,718,62689210368.0,394053312.0,1104294144.0,2194853.0,0.4827153072
1639,2,631738616,True,0.979528307914734,7410,5030,6000,0.00821531703580752,0.284402007479908,485.093296758803,1705.6605931063,0.0014998293625,273025872,406,4063951872.0,4304999.5,2088326400.0,1224350.5,0.0052736243875
1640,1,631739885,False,0.207021266222,5830,6880,3730,0.000138270164289587,0.000306138565065339,0.121160477399826,395.770050048828,2.52432926757812e-05,273025872,268,14798004224.0,67311904.0,8155542.5,20606.76953125,0.0824570824
1641,2,631739148,False,0.265842825174332,4400,3640,8870,0.00182226654192088,0.000365388521458954,0.11805135011673,323.084442138672,0.00033268209296875,273025872,1102,75608850432.0,743256000.0,87742376.0,271577.21875,0.9104886
1642,3,631740376,False,0.471722722053528,9200,3540,10310,0.00390423623615244,0.00135778565726887,0.479008594789063,352.786606799611,0.0007127768921875,273025872,427,66658830336.0,428535008.0,205271952.0,581858.6875,0.5249553848
1643,1,631739428,False,0.0611229315400124,5170,5590,2540,1.95680722519543e-05,3.56121017830446e-06,0.00106803537346423,299.907989501953,3.57244512939453e-06,273025872,952,113043595264.0,818901888.0,874616.1875,2916.28173828125,1.0031548128
1644,3,631740884,False,0.510024964809418,7790,3600,6290,0.0431989262952438,0.00343892453786444,1.31319401129868,381.861828266278,0.00788661202041016,273025872,1100,283730039296.0,1872111632.0,2458445783.625,6438050.62890625,2.2933367492
1645,1,631739619,False,0.0,0,0,0,0.0,0.0,0.0,0.0,0.0,273025872,678,13852108800.0,59628600.0,0.0,0.0,0.073045035
1646,1,631739641,False,0.131660312414169,5420,1540,4290,6.11804102738111e-05,6.19093179921038e-06,0.00240953220054507,389.203491210938,1.11694016601562e-05,273025872,648,221548429312.0,1472779776.0,3548710.25,9117.87890625,1.8041552256
1647,2,631739044,False,0.357107162475586,7510,6000,6130,0.00399815734766158,0.0100153125822544,4.15338563919067,414.703552246094,0.0007299236,273025872,980,11524608000.0,59494500.0,247103600.0,595856.0,0.0728807625
1648,2,631739903,False,0.0456018336117268,7650,1020,8510,1.46221772785148e-05,1.7520989786135e-05,0.00713112112134695,407.004486083984,2.66949780883789e-06,273025872,312782608,29405388800.0,124375504.0,886936.8125,2179.18188476562,0.1523599924
1649,2,631738796,False,0.28329461812973,6260,450,6670,0.00262802389210059,0.00171581550966948,0.588461637496948,342.963256835938,0.000479785184375,273025872,671,28229524321.5,228265440.0,134325456.0,391661.375,0.279625164
1650,2,631738429,False,0.266709536314011,8320,6140,6250,0.00122810554201772,0.00191259454004467,0.8289914727211,433.438171386719,0.000224209089453125,273025872,606826647,12720246784.0,95696096.0,79331248.0,183027.828125,0.1172277176
1651,1,631739521,False,0.120959028601646,7930,3140,5460,3.02413866047092e-05,4.78334040963091e-05,0.0160418823361397,335.369842529297,5.52101877441406e-06,273025872,832,1840407040.0,94221896.0,1511496.5,4506.9541015625,0.1154218226
1652,3,631740230,False,0.373229652643204,12210,7250,5650,0.000684999235231107,0.00170279944333106,0.621226602349189,364.826641670688,0.000125056886035156,273025872,230,549684976.0,59952600.0,37244150.0,102087.25390625,0.073441935
1653,2,631738494,False,0.0153568666428328,12620,5180,6320,4.37397383992232e-07,1.55561501742341e-05,0.00825824122875929,530.866638183594,7.98534538269043e-08,273025872,237,165712864.0,4190400.0,34605.3359375,65.1864929199219,0.00513324
1654,2,631738759,False,0.761689603328705,4830,4620,7140,0.825638493449888,0.00503322403754913,1.96654269963087,390.712331690377,0.150732692346387,273025872,623,3814998388128.0,24446973724.0,48076017705.0,123047095.792969,29.9475428119
1655,2,631738519,False,0.438041836023331,4840,6750,5970,0.00205205762539914,0.003750927047804,1.21440434455872,323.761108398438,0.00037463390234375,273025872,272,7737703936.0,81532800.0,99013784.0,305823.59375,0.09987768
1656,1,631739547,False,0.553378641605377,8440,3640,5530,0.033044167657513,0.00233152415603399,0.941123783588409,403.651763916016,0.0060327085,273025872,795,341337931776.0,2112206336.0,1987847680.0,4924660.0,2.5874527616
1657,3,631740487,False,0.302242875099182,6180,3130,4080,0.00110787470442038,0.000121192085970529,0.0445946506204137,367.966689105905,0.000202259146472168,273025872,603,63110412288.0,1362378624.0,60754798.75,165109.507324219,1.6689138144
1658,1,631739283,False,0.0,0,0,0,0.0,0.0,0.0,0.0,0.0,273025872,204,1879245056.0,124780496.0,0.0,0.0,0.1528561076
1659,1,631739178,False,0.0507935360074043,7430,3870,3200,4.22344948264037e-06,3.4331249025854e-06,0.0011099143885076,323.295654296875,7.71054058837891e-07,273025872,484682524,9625494528.0,183340800.0,203492.59375,629.431884765625,0.22459248
1660,2,631738392,False,0.052591398358345,11410,5690,8270,6.14211072162381e-06,1.99999476535595e-06,0.00109765352681279,548.828125,1.12133444976807e-06,273025872,101,33316902912.0,457688704.0,502383.59375,915.375061035156,0.5606686624
1661,1,631739400,False,0.141207352280617,6170,1610,1800,0.000256234192536277,0.00010108466813108,0.0276054125279188,273.091979980469,4.67793956054687e-05,273025872,981,43457290240.0,377775008.0,10428635.0,38187.26171875,0.4627743848
1662,3,631740096,False,0.603860855102539,4290,4270,9690,0.0376874710563676,0.0318005834724463,14.2118786981927,446.906224551087,0.00688041318945312,273025872,36,26320487424.0,176621408.0,2510122026.0,5616663.828125,0.2163612248
1663,2,631739918,False,0.196683496236801,8290,1750,8770,0.000219679939469532,0.00255117495544255,0.767193973064423,300.721801757812,4.0105868359375e-05,273025872,312782624,1255581440.0,12833100.0,9845477.0,32739.484375,0.0157205475
1664,2,631739092,False,0.433779895305634,6190,5320,7430,0.00223212743264049,0.00174523738678545,0.633635342121124,363.0654296875,0.000407508346875,273025872,1031,9144905728.0,190610096.0,120777296.0,332659.875,0.2334973676
1665,1,631739828,False,0.245099797844887,4330,2800,1790,0.000379870427091711,2.02599971085658e-05,0.00540032927228469,266.551334797647,6.93510448853373e-05,273025872,345,396726004224.0,2794329020.0,15090296.8031006,56613.0978655815,3.4230530495
1666,1,631739389,False,0.237741649150848,4990,2170,4720,0.000196909727032831,4.97848291693868e-06,0.00133562642953228,268.27980567895,3.59488245040893e-05,273025872,993,476710362432.0,5894562596.0,7872933.59375,29345.9791870117,7.2208391801
1667,3,631740371,False,0.338594526052475,7700,670,8560,0.00116345978495052,0.00018931537364068,0.0723650416797788,382.245986092641,0.000212407036752319,273025872,417,196200277248.0,915897616.0,66278969.15625,173393.499389648,1.1219745796
1668,3,631740503,False,0.0,0,0,0,0.0,0.0,0.0,0.0,0.0,273025872,621,32902978560.0,319282208.0,0.0,0.0,0.3911207048
1669,2,631738850,False,0.208549290895462,9720,2790,9200,0.000492654983956246,0.000262065383139998,0.0886521264910698,338.282470703125,8.99415576171875e-05,273025872,743,35505643520.0,280165504.0,24837268.0,73421.6796875,0.3432027424
1670,1,631739658,False,0.0676654651761055,6560,1450,5020,1.11853272483039e-05,7.66956072766334e-05,0.0196959972381592,256.807373046875,2.04204927978516e-06,273025872,622,1704542592.0,21735000.0,428092.5,1666.97900390625,0.026625375
1671,3,631740936,False,0.971578299999237,6370,5280,6900,0.121170278291943,0.0138630396343266,11.0031256264279,793.702241114771,0.0221214519722656,273025872,262,189189881856.0,1302624000.0,14332935516.0,18058328.140625,1.5957144
1672,3,631740425,False,0.142479479312897,6360,1790,7440,0.000389162249462306,0.00129339458923187,0.375305207664312,290.170695616718,7.10474064453125e-05,273025872,510,2650346368.0,44841600.0,16829286.0,57997.8828125,0.05493096
1673,2,631738564,False,0.333971738815308,6190,6170,6040,0.000716694706220016,0.0381972305476665,14.5604639053345,381.191619873047,0.000130843369726562,273025872,332,626939776.0,2796300.0,40715424.0,106810.9140625,0.0034254675
1674,1,631739709,False,0.00853115785866976,12860,7190,4020,3.17423311109991e-07,7.19170145657699e-07,0.000231714962865226,322.197662353516,5.7950387096405e-08,273025872,553,293663456.0,65779200.0,15242.0244140625,47.3064384460449,0.08057952
1675,2,631738838,False,0.358510732650757,7270,4830,6890,0.00113728830145951,0.00381133449263871,1.8718159198761,491.118255615234,0.00020762903984375,273025872,725,7988326400.0,44470800.0,83241152.0,169493.09375,0.05447673
1676,3,631740504,False,0.171592175960541,6670,1470,6280,6.26966238431592e-05,0.000214949257839458,0.0651956636760985,303.307228558993,1.14462091918945e-05,273025872,622,3340857472.0,43470000.0,2834055.5,9343.84423828125,0.05325075
1677,1,631739862,False,0.176107302308083,9810,1430,5130,0.000233138125006317,3.58048633319389e-05,0.0114138052606988,318.778070869423,4.25628620147705e-05,273025872,302,117676537856.0,970404304.0,11076005.75,34745.1934814453,1.1887452724
1678,2,631739003,False,0.643481552600861,4930,5340,8800,0.0163848676752974,0.0019432025033934,0.627499602937001,322.920334777874,0.0029913033828125,273025872,942,191559647232.0,1256626784.0,788532808.0,2441880.3125,1.5393678104
1679,3,631740222,False,0.368222653865814,9700,2970,10320,0.0148464604588543,0.00191706567221517,0.729398158835702,380.476354778646,0.00271044406787109,273025872,312782628,188891502080.0,1154163592.0,841844799.0,2212607.40234375,1.4138504002
1680,1,631739618,False,0.141333594918251,9640,5030,5570,0.000139437064599799,7.67541350796819e-05,0.0248973425477743,324.377838134766,2.54563278320312e-05,273025872,679,24944398336.0,270743392.0,6740791.0,20780.67578125,0.3316606552
1681,2,631739202,False,0.511984884738922,7020,5330,5720,0.0179269588316665,0.0678931623697281,39.7525253295898,585.515869140625,0.00327283525625,273025872,560581559,12704300008.0,39351564.0,1564324096.0,2671702.25,0.0482056659
1682,1,631739879,False,0.294144988059998,4510,4420,4920,0.00336762299806794,0.000312929955759732,0.114212258740269,364.977071188291,0.000614810095863342,273025872,275,202935435264.0,1603827896.0,183176806.632812,501885.792541504,1.9646891726
1683,1,631739806,False,0.0,0,0,0,0.0,0.0,0.0,0.0,0.0,273025872,377,6848527360.0,48273300.0,0.0,0.0,0.0591347925
1684,2,631738702,False,0.000739503127988428,12820,7160,7420,6.19419091938823e-09,1.40338691778652e-08,4.89899002786842e-06,349.083343505859,1.13084247112274e-09,273025872,553,96812528.0,65779200.0,322.251647949219,0.923136711120605,0.08057952
1685,2,631739186,False,0.501094400882721,4100,2700,6540,0.0113083984049995,0.00535843009129167,1.5009937286377,280.1181640625,0.002064517765625,273025872,919,26191030272.0,314517600.0,472088928.0,1685320.625,0.38528406
1686,3,631740547,False,0.16144472360611,3570,3870,6660,8.13387835022681e-05,0.00139865406318507,0.211863707165109,151.476846735529,1.48496150878906e-05,273025872,680,101196876.0,8667000.0,1836222.75,12122.134765625,0.010617075
1687,3,631740606,False,0.586288809776306,6270,5290,7220,0.00610866847465363,0.00900239968335796,2.93559231604428,326.089978150058,0.00111522906591797,273025872,760,10127203840.0,101127600.0,296869405.5,910391.07421875,0.12388131
1688,3,631740853,False,0.295575737953186,8030,2730,6320,0.00148800498625165,0.00170131519736741,0.648159750512095,380.975701336852,0.000271657631738281,273025872,1061,23123511296.0,130347000.0,84485679.0,221761.33203125,0.159675075
1689,3,631740193,True,1.0,6980,5160,5870,0.0188314116245617,0.657896168032568,1477.33241628571,2245.54038778437,0.00343795668125,273025872,181,7451412480.0,4265863.5,6302098432.0,2806495.25,0.0052256827875
1690,2,631740049,False,0.157357826828957,5450,6840,6020,0.000289640750363714,0.00191358698066324,0.651519775390625,340.470428466797,5.28782638671875e-05,273025872,576073699,1946410112.0,22557600.0,14696722.0,43165.9296875,0.02763306
1691,3,631740370,False,0.583584129810333,8220,4340,7720,0.00239626661960513,0.00225912751318205,0.94007477403789,416.12293620105,0.000437474417700195,273025872,560581563,20604621824.0,158079600.0,148606644.25,357121.973632812,0.19364751
1692,1,631739729,False,0.0,0,0,0,0.0,0.0,0.0,0.0,0.0,273025872,520,22272219136.0,126495904.0,0.0,0.0,0.1549574824
1693,3,631740870,False,0.498170703649521,6460,1450,6540,0.000727462672730157,0.00163702172647557,0.402883634879597,246.107689570489,0.000132809223542786,273025872,1085,1327320512.0,66227400.0,26681935.640625,108415.692687988,0.081128565
1694,3,631740895,False,0.0,0,0,0,0.0,0.0,0.0,0.0,0.0,273025872,1114,21929701376.0,93736800.0,0.0,0.0,0.11482758
1695,2,631739931,False,0.308785796165466,9530,2710,9900,0.000177752860100246,0.000970920373219997,0.397160977125168,409.056182861328,3.24514510742187e-05,273025872,312782640,5960355840.0,27284400.0,10836299.0,26490.98046875,0.03342339
1696,3,631740717,False,0.436611205339432,5380,5340,7320,0.0006907908486048,0.000539429801652804,0.189766725952303,351.791327380989,0.000126114231936264,273025872,908,9716224000.0,190850400.0,36217055.5546875,102950.393417358,0.23379174
1697,2,631738881,False,0.164114847779274,8270,2380,9720,9.09798320754925e-05,0.000166148514836095,0.114718616008759,690.458251953125,1.66097331298828e-05,273025872,791,20926789632.0,81607504.0,9361900.0,13558.9658203125,0.0999691924
1698,1,631740001,False,0.158798471093178,6340,5160,910,0.000336232257022042,4.57378808037648e-05,0.0139407263035237,304.796069659095,6.13842423248291e-05,273025872,111,222937314816.0,1095581708.0,15273204.734375,50109.5855712891,1.3420875923
1699,3,631740108,False,0.24692003428936,9700,3600,9990,0.000505214449681097,6.35188347309619e-05,0.0223450824962184,351.786719496074,9.22344764892578e-05,273025872,52,203262820352.0,1185372032.0,26487235.84375,75293.4501953125,1.4520807392
1700,1,631739588,False,0.44746795296669,9010,4680,3320,0.0064151374503322,0.000322045191638597,0.105567468292184,327.803274301492,0.00117117957475586,273025872,726,646653923328.0,2968729184.0,313401224.0,956064.958984375,3.6366932504
1701,2,631739243,False,0.0761539041996002,8440,5610,6010,4.90119328191751e-05,0.000261755019892007,0.0763871520757675,291.826873779297,8.94786356201172e-06,273025872,607344846,3972604928.0,27905400.0,2131614.0,7304.37841796875,0.034184115
1702,2,631738626,False,0.118127554655075,6290,2070,6550,2.53734389731392e-05,1.76565226865932e-05,0.00760329654440284,430.622528076172,4.63230191040039e-06,273025872,423,65180987392.0,214168496.0,1628386.625,3781.47094726562,0.2623564076
1703,2,631738337,False,0.283211767673492,5950,4200,6030,0.00119428115944084,0.00172003905754536,0.694690585136414,403.880706787109,0.000218033941015625,273025872,15,18687213568.0,103478400.0,71885472.0,177986.890625,0.12676104
1704,3,631740260,False,0.0997093915939331,10120,2140,8530,7.17896624023814e-05,5.79467784692814e-05,0.0325568431746162,561.840434181774,1.31062797851562e-05,273025872,269,24005906432.0,184635008.0,6011133.0,10699.00390625,0.2261778848
1705,1,631740008,False,0.251826018095016,8530,5830,5680,0.000183696896161558,0.000171386505826376,0.0496973805129528,289.972534179688,3.35366240234375e-05,273025872,100,28710433760.0,159737408.0,7938530.5,27376.8359375,0.1956783248
1706,2,631739005,False,0.0,0,0,0,0.0,0.0,0.0,0.0,0.0,273025872,944,98854739968.0,474029088.0,0.0,0.0,0.5806856328
1707,2,631738757,False,0.0,0,0,0,0.0,0.0,0.0,0.0,0.0,273025872,621,14801908736.0,159641104.0,0.0,0.0,0.1955603524
1708,2,631738663,False,0.0888453871011734,8950,3140,7910,1.03984362018503e-05,1.39708736242028e-05,0.00497236475348473,355.909362792969,1.89839051513672e-06,273025872,482,1830518400.0,110924096.0,551555.0625,1549.70654296875,0.1358820176
1709,1,631739382,False,0.0,0,0,0,0.0,0.0,0.0,0.0,0.0,273025872,1005,2092390784.0,24860700.0,0.0,0.0,0.0304543575
1710,2,631738747,False,0.63875550031662,6510,770,6220,0.0277523709963869,0.00784967746585608,4.0558557510376,516.690734863281,0.0050666116375,273025872,610,80644936704.0,526901824.0,2137037824.0,4136009.5,0.6454547344
1711,3,631740490,False,0.052591398358345,11410,5690,8270,9.3554911933318e-06,9.50843983317458e-07,0.000521821620885861,548.798362340419,1.70798525865897e-06,273025872,607,135222820864.0,1466353792.0,765175.112533569,1394.27368053794,1.7962833952
1712,3,631740824,False,0.709353506565094,6370,1360,6500,0.00763768027608731,0.000531909882128918,0.172295117860627,323.917873401849,0.00139437310690918,273025872,1021,121385860530.438,2139956032.0,368703976.75,1138263.76074219,2.6214461392
1713,2,631739066,False,0.358755350112915,7890,3120,10790,0.00683873581387049,0.00105392362350701,0.408246970644289,387.359161080209,0.00124851381040039,273025872,1002,227697863424.0,967048204.0,394794499.75,1019194.94726562,1.1846340499
1714,1,631739655,False,0.169123247265816,8280,2610,4270,6.16105999204066e-05,9.93012727121823e-05,0.0332181975245476,334.519348144531,1.12479392333984e-05,273025872,628,13542384640.0,92466000.0,3071553.75,9181.9912109375,0.11327085
1715,1,631739675,False,0.302242875099182,6180,3130,4080,0.00105593123599483,0.000231019817874767,0.0858503505587578,371.614654541016,0.000192776087109375,273025872,603,54673014784.0,681189312.0,58480340.0,157368.234375,0.8344569072
1716,2,631739316,False,0.583584129810333,8220,4340,7720,0.00237414307957673,0.00447654025629163,1.8646411895752,416.536224365234,0.00043343543359375,273025872,560581563,9343996928.0,79039800.0,147380864.0,353824.84375,0.096823755
1717,1,631739785,False,0.033834557980299,10200,6430,3100,2.64030689392726e-06,3.49552487932669e-06,0.00143702886998653,411.105316162109,4.82027630615234e-07,273025872,413,130972200.0,112570200.0,161766.625,393.491943359375,0.137898495
1718,2,631738752,False,0.204912111163139,9850,3560,6710,0.00100843944179715,0.000605661480221897,0.2863829433918,472.84326171875,0.00018410574765625,273025872,616,27401406464.0,248142592.0,71063808.0,150290.40625,0.3039746752
1719,2,631738549,True,0.998563170433044,6330,800,6190,0.0419577975620846,0.242351869214388,445.976323283888,1840.20170642617,0.00766002535205383,273025872,315,19659641852.8125,25801665.7363281,11506932019.6875,6253081.92004395,0.0316070405270019
1720,2,631738706,False,0.381603837013245,6330,5650,7800,0.00892000823798744,0.00394938187673688,1.56733477115631,396.855712890625,0.0016284813125,273025872,559,68667424768.0,336602688.0,527569088.0,1329372.5,0.4123382928
1721,3,631740497,False,0.113241292536259,8680,1740,9180,2.50782262344782e-05,1.32033679149169e-05,0.00688235306295064,521.257387304575,4.57840639648437e-06,273025872,613,61925117952.0,283069792.0,1948186.25,3737.474609375,0.3467604952
1722,2,631738934,False,0.0,0,0,0,0.0,0.0,0.0,0.0,0.0,273025872,859,917309824.0,12558600.0,0.0,0.0,0.015384285
1723,3,631740510,False,0.351481229066849,7480,7410,2340,0.0105995271205762,0.000537553906169503,0.180901445723981,336.5270787688,0.00193510267890625,273025872,631,482485710848.0,2938636736.0,531603634.0,1579675.65625,3.5998300016
1724,3,631740591,False,0.376807451248169,6390,6030,4840,0.00201799732687512,0.00120225328593973,0.426410022083588,354.675696935432,0.000368415683911133,273025872,737,13849568416.0,250153192.0,106667828.125,300747.497070312,0.3064376602
1725,2,631738861,False,0.148808136582375,8000,2230,9910,1.18384012102444e-05,5.28408490936272e-05,0.0242832954972982,459.555358886719,2.16127772827148e-06,273025872,759,9040964608.0,33389100.0,810797.375,1764.30834960938,0.0409016475
1726,1,631739340,False,0.0354808419942856,9060,4200,5640,3.66208470806159e-06,0.000175010485691018,0.0660216733813286,377.244110107422,6.6856849822998e-07,273025872,1060,99071880.0,3118500.0,205888.59375,545.770202636719,0.0038201625
1727,3,631740118,False,0.464552819728851,1840,2780,6090,0.00860991428334991,0.0055579741453991,1.8641171232046,335.395069217391,0.001571869009375,273025872,68,4942964224.0,230868000.0,430364992.0,1283158.375,0.2828133
1728,2,631738857,False,0.470315009355545,7620,5570,6280,0.00242995991592467,0.0241700895130634,9.94453811645508,411.439880371094,0.000443625634375,273025872,753,1949609149.5625,14983121.0,149000224.0,362143.375,0.018354323225
1729,2,631739131,False,0.498170703649521,6460,1450,6540,0.000723464877296548,0.0032560508698225,0.80230838060379,246.405364990234,0.000132079366015625,273025872,1085,774275200.0,33113700.0,26567400.0,107819.890625,0.0405642825
1730,1,631739365,False,0.0,0,0,0,0.0,0.0,0.0,0.0,0.0,273025872,1026,1277740160.0,32959800.0,0.0,0.0,0.040375755
1731,2,631738382,False,0.139469355344772,12340,6950,5830,8.58838824896384e-05,5.55796686967369e-05,0.0242418367415667,436.163787841797,1.56793910888672e-05,273025872,83,13512002560.0,230291104.0,5582679.5,12799.5029296875,0.2821066024
1732,3,631740689,False,0.259978920221329,8450,4400,5750,0.000408126563708423,0.000132382181854949,0.036989580107829,279.415096424068,7.45096264937937e-05,273025872,877,8638178082.66113,459459000.0,16995195.486763,60824.1848928928,0.562837275
1733,2,631738931,True,1.0,6980,5160,5870,0.242489967094587,0.745358458021053,4106.8869676121,5509.94883524364,0.0442701810745605,273025872,856,207532699992.0,48485293.1328125,199123618488.0,36138923.3261719,0.0593944840876953
1734,2,631739129,False,0.325813800096512,7740,4520,6070,0.00228814213355361,0.00155889035309507,0.580711709222718,372.516070851136,0.000417734670800781,273025872,1083,8439077632.0,218750404.0,127030921.0,341007.89453125,0.2679692449
1735,2,631738370,False,0.115683674812317,9250,3800,5990,5.69892671156003e-05,0.000126587314298376,0.0457164607942104,361.145690917969,1.04042456054687e-05,273025872,62,372095040.0,67094100.0,3067304.75,8493.26171875,0.0821902725
1736,2,631738379,False,0.028438176959753,8520,3110,7630,9.49602969131519e-07,2.74618414550787e-05,0.00581760192289948,211.843109130859,1.73364266967773e-07,273025872,75,183934592.0,5153400.0,29980.4296875,141.521850585938,0.006312915
1737,3,631740104,False,0.627866685390472,4030,2750,6170,0.0126812832238233,0.000871867381212688,0.319655116484813,366.632728064906,0.00231515848388672,273025872,48,352494229120.0,2167675192.0,692908466.0,1889925.29296875,2.6554021102
1738,3,631740944,False,0.388027906417847,3530,3560,6630,0.000341933857224879,0.0152700797616757,2.8492242350436,186.588693674966,6.24251549713135e-05,273025872,527696977,63048160.0,3337200.0,9508431.1171875,50959.3101806641,0.00408807
1739,2,631738343,False,0.269733101129532,5760,6320,7770,0.00274825467400019,0.00184108479879797,0.698728263378143,379.519866943359,0.0005017351171875,273025872,23,39899209728.0,222466496.0,155443632.0,409579.6875,0.2725214576
1740,3,631740106,True,0.692171514034271,7070,4700,6070,0.00176098263870289,0.135455868216695,152.211719668756,1123.69970878823,0.000321493797119141,273025872,51,1010896192.0,1937486.5,294908152.0,262443.916015625,0.0023734209625
1741,3,631740550,True,1.0,7070,5110,6150,0.282328006079799,0.622014437751978,2714.54187882364,4364.11394023951,0.0515432127,273025872,685,199519059968.0,67644880.0,183624859648.0,42076092.0,0.082864978
1742,3,631740951,False,0.292436242103577,5050,6840,6890,0.000954370737834137,0.000433835915471811,0.14464091349616,333.400044435829,0.000174234694665527,273025872,298,38167171072.0,327848384.0,47420289.75,142232.403808594,0.4016142704
1743,2,631738846,False,0.358755350112915,7890,3120,10790,0.00516245168535705,0.00455939816311002,1.75312316417694,384.507568359375,0.000942482996875,273025872,735,31004698624.0,168744608.0,295830080.0,769373.875,0.2067121448
1744,3,631740799,True,0.453150570392609,6230,1010,6340,0.000439504271221456,0.201847585692956,237.82770612596,1178.25390533893,8.02380976959228e-05,273025872,993,177824094.0625,324504.688476562,77176205.6875,65500.4879150391,0.000397518243383789
1745,3,631740692,False,0.824735879898071,6500,1190,6430,0.0661334581889385,0.00290305071425591,1.30588407084218,449.831642426852,0.012073654857519,273025872,879,449371981326.031,3395064624.0,4433560811.9614,9856044.78164816,4.1589541644
1746,1,631739821,False,0.511517822742462,11060,4970,5480,0.00338155128764061,3.61667734978255e-05,0.0165930818766356,458.793548583984,0.0006173529140625,273025872,354,816955140640.0,13934380032.0,231214320.0,503961.5625,17.0696155392
1747,1,631739417,False,0.0,0,0,0,0.0,0.0,0.0,0.0,0.0,273025872,963,147350672.0,25594200.0,0.0,0.0,0.031352895
1748,3,631740756,False,0.0,0,0,0,0.0,0.0,0.0,0.0,0.0,273025872,951,289424179200.0,1123216256.0,0.0,0.0,1.3759399136
1749,3,631740955,False,0.0807810872793198,9040,5100,5830,1.19638681394814e-05,0.000103886675933285,0.0310796567288644,299.168843835407,2.18418359832764e-06,273025872,607344854,2360935168.0,17163000.0,533420.1484375,1783.00701904297,0.021024675
1750,3,631740577,False,0.60417652130127,2510,3340,5680,0.13598029069611,0.00381371250774936,1.20486525733424,315.929754769397,0.0248252419009979,273025872,714,371230448876.0,5313851936.0,6402475580.30469,20265503.5926514,6.5094686216
1751,3,631740111,False,0.250614136457443,8200,5640,6500,0.000832711813589462,0.0031802730616122,1.15192857527254,362.210587882218,0.000152024033044434,273025872,58,6196949760.0,39022200.0,44950787.25,124101.251464844,0.047802195
1752,3,631740241,False,0.493961542844772,4510,4650,6450,0.0537844353836815,0.00291745398564421,0.962572714717737,329.935868553275,0.00981915549726562,273025872,242,369878892544.0,2747476800.0,2644646202.0,8015637.140625,3.36565908
1753,1,631740066,False,0.0160204246640205,9570,6120,3690,4.22002309927936e-07,1.26356852092613e-07,4.59502225567121e-05,363.654418945312,7.70428521156311e-08,273025872,7,55158755328.0,497734208.0,22870.998046875,62.8921241760254,0.6097244048
1754,2,631738903,False,0.0720177069306374,7740,750,8400,1.99607314542173e-05,3.30692159877799e-06,0.00116613123100251,352.633483886719,3.64413095703125e-06,273025872,821,158799446016.0,899568000.0,1049014.375,2974.80078125,1.1019708
1755,1,631739595,False,0.0,0,0,0,0.0,0.0,0.0,0.0,0.0,273025872,711,6647376384.0,149905792.0,0.0,0.0,0.1836345952
1756,3,631740415,False,0.272104978561401,6620,6230,8520,0.00257306362302733,0.00233194147319291,0.85422057960507,366.313044055718,0.000469751362799072,273025872,1105,33828552704.0,164442592.0,140470246.25,383470.500244141,0.2014421752
1757,2,631738578,False,0.768908500671387,9400,4200,6930,0.0106245917104899,0.00193040040076447,0.701890249446703,363.598271720593,0.00193967859578781,273025872,348,89521563200.0,820250088.0,575725538.875,1583411.09860229,1.0048063578
1758,2,631739163,False,0.390851259231567,3560,4280,6770,0.00145468665363634,0.000777116161771119,0.240103602409363,308.967468261719,0.0002655748703125,273025872,1125,15899124736.0,278974784.0,66982852.0,216795.8125,0.3417441104
1759,3,631740387,True,0.319966435432434,6230,530,6240,3.99417336076127e-05,0.188005005377224,255.552524137056,1359.28574680393,7.29196263427734e-06,273025872,442,11655300.0,31662.04296875,8091315.0,5952.62255859375,3.87860026367187e-05
1760,1,631739216,False,0.170545533299446,8340,5560,5480,4.61672365342379e-05,0.0004788848455064,0.157093703746796,328.040679931641,8.42852158203125e-06,273025872,607344850,3030151680.0,14367600.0,2257059.5,6880.42578125,0.01760031
1761,1,631739702,False,0.384384721517563,8210,6900,2020,0.00088409934654096,0.000208439290872775,0.0630833357572556,302.646087646484,0.000161405598046875,273025872,566,111125938176.0,632124928.0,39876548.0,131759.671875,0.7743530368
1762,2,631738410,False,0.36760413646698,7660,6910,5970,0.00106725467724408,0.0028376926202327,0.886942028999329,312.557464599609,0.000194843351171875,273025872,126,4840252416.0,56051100.0,49714076.0,159055.796875,0.0686625975
1763,1,631739286,False,0.0,0,0,0,0.0,0.0,0.0,0.0,0.0,273025872,196,1232653440.0,99129600.0,0.0,0.0,0.12143376
1764,1,631739408,False,0.270549952983856,2350,2910,5690,0.000364819171897614,5.01253957597689e-05,0.0127196055071118,253.755712335356,6.66032124664307e-05,273025872,972,96846314432.0,1084679104.0,13796690.3046875,54369.9693603516,1.3287319024
1765,1,631739956,False,0.511517822742462,11060,4970,5480,0.000626150109350637,0.000849747506435961,0.798226237297058,939.368713378906,0.0001143130953125,273025872,169,15332292608.0,109817104.0,87658896.0,93316.8125,0.1345259524
1766,1,631739351,False,0.0,0,0,0,0.0,0.0,0.0,0.0,0.0,273025872,1046,12154076160.0,62379000.0,0.0,0.0,0.076414275
1767,1,631739854,False,0.0338272154331207,5180,5050,2330,4.04354825606098e-06,3.07330833493324e-06,0.000760154740419239,247.340866088867,7.38210391235351e-07,273025872,314,34276132864.0,196082096.0,149052.734375,602.620727539062,0.2402005676
1768,3,631740539,True,0.339842230081558,6210,530,6320,1.81323877783066e-05,0.152194577504753,295.015013133453,1938.40686028541,3.31033939208984e-06,273025872,671,6864030.5,17755.677734375,5238191.5,2702.31787109375,2.17507052246094e-05
1769,1,631739535,False,0.0,0,0,0,0.0,0.0,0.0,0.0,0.0,273025872,812,158972768.0,20844000.0,0.0,0.0,0.0255339
1770,1,631739757,False,0.0,0,0,0,0.0,0.0,0.0,0.0,0.0,273025872,460,435988288.0,4267800.0,0.0,0.0,0.005228055
1771,3,631740747,False,0.643481552600861,4930,5340,8800,0.016430587269136,0.000974312363893695,0.3145199114117,322.812193570826,0.00299965018050537,273025872,942,383256297472.0,2513253568.0,790468289.5625,2448694.02490234,3.0787356208
1772,3,631740694,False,0.33148193359375,4020,3370,7870,0.00108856774970246,0.00098079272872972,0.287457384474382,293.086781798112,0.000198734372265625,273025872,882,5889466880.0,165409200.0,47548096.0,162232.140625,0.20262627
1773,1,631739844,False,0.239049687981606,6120,6340,3260,0.000220767368941008,9.52729387790896e-05,0.042536661028862,446.471588134766,4.0304394921875e-05,273025872,327,67832426496.0,345339904.0,14689606.0,32901.546875,0.4230413824
1774,1,631739566,False,0.0,0,0,0,0.0,0.0,0.0,0.0,0.0,273025872,763,266062112.0,3898800.0,0.0,0.0,0.00477603
1775,2,631738478,False,0.453300982713699,7390,3140,6660,0.0059601682222042,0.00164398562628776,0.62197870016098,378.335845947266,0.0010881181171875,273025872,218,74453180416.0,540308672.0,336060480.0,888259.6875,0.6618781232
1776,2,631739245,False,0.0807810872793198,9040,5100,5830,1.01130393698868e-05,0.000175630499143153,0.0510164275765419,290.475891113281,1.84628704223633e-06,273025872,607344854,1182029312.0,8581500.0,437797.46875,1507.17309570312,0.0105123375
1777,1,631739840,False,0.445900976657867,7740,5610,5440,0.0105292862221547,0.00343285434221149,1.41621120983843,412.546257038709,0.00192227914921875,273025872,331,68435019264.0,457114492.0,647370667.75,1569207.46875,0.5599652527
1778,1,631739802,False,0.0868378132581711,7830,5180,3920,9.25377632483052e-05,1.97725621546851e-05,0.00675559835508466,341.665313720703,1.68941568359375e-05,273025872,381,110553382912.0,697489216.0,4711957.0,13791.1484375,0.8544242896
1779,3,631740540,False,0.28329461812973,6260,450,6670,0.00303951369911801,0.000992198318603577,0.336872128235887,339.520962613605,0.000554908821386719,273025872,671,58461107041.5,456548640.0,153798512.0,452986.79296875,0.559272084
1780,2,631739064,False,0.320197492837906,5680,5740,8090,0.00382427053942243,0.00295596406795084,1.14744818210602,388.180694580078,0.0006981779546875,273025872,998,34018365440.0,192810592.0,221240160.0,569941.1875,0.2361929752
1781,3,631740457,False,0.105609565973282,7780,1010,7950,4.18205910336856e-06,2.41193526012824e-06,0.00101181585902913,419.503738659774,7.63497624206543e-07,273025872,565,53705936896.0,258408000.0,261461.3125,623.263366699219,0.3165498
1782,2,631738529,False,0.121204495429993,5460,5160,6260,4.84000932009402e-05,0.00206669932231307,0.782668769359589,378.704681396484,8.83616306152344e-06,273025872,287,412944288.0,3490200.0,2731670.5,7213.1943359375,0.004275495
1783,1,631739188,False,0.0,0,0,0,0.0,0.0,0.0,0.0,0.0,273025872,526322264,2423880.75,423900.0,0.0,0.0,0.0005192775
1784,2,631738700,False,0.999758660793304,6490,5150,7030,0.810604098401512,0.0134594570845366,9.20841884613037,684.159729003906,0.147987938,273025872,549,1595575630632.0,8975583232.0,82650931200.0,120806480.0,10.9950894592
1785,1,631739697,False,0.185626968741417,6450,3910,4870,0.000389708192107441,0.000357584154698998,0.145712167024612,407.490539550781,7.11470764648437e-05,273025872,575,22062501888.0,162421200.0,23666744.0,58079.24609375,0.19896597
1786,2,631739125,False,0.831267058849335,6770,5200,5940,0.0212507119638161,0.0676363408565521,54.0908393859863,799.730407714844,0.00387963625,273025872,1077,16376102912.0,46824680.0,2532786176.0,3167050.0,0.057360233
1787,1,631739404,False,0.0108713582158089,10450,3570,5030,5.40888690003087e-07,1.34116106664806e-07,8.87122369022109e-05,661.45849609375,9.87473442077637e-08,273025872,976,145106632704.0,601046976.0,53320.22265625,80.6100769042969,0.7362825456
1788,3,631740953,False,0.0425437390804291,8260,5430,5490,7.20002797011496e-06,6.25073850455563e-05,0.0163443001234956,261.477905556018,1.31447311325073e-06,273025872,607344862,2836199680.0,17166600.0,280576.0625,1073.03927612305,0.021029085
1789,1,631739858,False,0.2042226344347,10940,6720,5200,9.75944557600438e-05,6.06033245276194e-05,0.0289827678352594,478.237243652344,1.78173319091797e-05,273025872,307,13066272768.0,239999392.0,6955846.5,14544.7607421875,0.2939992552
1790,3,631740401,False,0.178477987647057,7170,1490,7950,0.000144491706124357,0.000710706562568071,0.214295596612474,301.524719060054,2.63791284667969e-05,273025872,461,2818395392.0,30299400.0,6493028.0,21533.982421875,0.037116765
1791,3,631740752,False,0.693818509578705,7110,5620,6230,0.209254795482988,0.0529827729674694,32.1627262966589,607.041204060919,0.0382026019375,273025872,946,145369427968.0,588602592.0,18931064064.0,31185797.5,0.7210381752
1792,1,631739354,False,0.0299589093774557,11630,6600,5530,5.04827273429388e-06,3.32006584358169e-06,0.000948758912272751,285.765075683594,9.21637916564941e-07,273025872,1043,4397101568.0,226609200.0,214997.5,752.357482910156,0.27759627
1793,3,631740894,False,0.410587638616562,6370,3930,6490,0.00223739562583346,0.00332109264351279,1.2626021142963,380.176721887776,0.000408470134570312,273025872,1113,14297233408.0,100402200.0,126768030.0,333445.0078125,0.122992695
1794,1,631739320,False,0.44746795296669,9010,4680,3320,0.0109364019091257,8.49405623739585e-05,0.0296241976320744,348.763854980469,0.001996604225,273025872,1089,3973181302528.0,19188488192.0,568443584.0,1629881.0,23.5058980352
1795,3,631740225,False,0.196683496236801,8290,1750,8770,0.000219679939469532,0.00127558751879904,0.383596987477694,300.721810008653,4.0105868359375e-05,273025872,312782624,2352649472.0,25666200.0,9845477.0,32739.484375,0.031441095
1796,2,631738396,False,0.0,0,0,0,0.0,0.0,0.0,0.0,0.0,273025872,106,280263104.0,3250800.0,0.0,0.0,0.00398223
1797,2,631739209,False,0.992675125598907,6470,5200,6960,0.444819388897701,0.0259778421951619,13.0321163413745,501.662772583998,0.0812084521595703,273025872,290,409955459008.0,2551890704.0,33256536545.0,66292614.0078125,3.1260661124
1798,3,631740434,False,0.434559255838394,6980,2850,10570,0.00513091987069506,0.00431511995213217,1.54135894575348,357.199559421718,0.000936726391101074,273025872,527,22497954816.0,177208192.0,273141432.0,764674.604980469,0.2170800352
1799,2,631738637,False,0.465403407812119,3700,4250,7450,0.0114123538107485,0.00785972643643618,2.26226401329041,287.829864501953,0.002083496384375,273025872,440,6446330880.0,216396000.0,489544896.0,1700813.375,0.2650851
1800,2,631738427,False,0.210998624563217,4630,4460,9550,0.000342971711616843,0.000774647982325405,0.252173483371735,325.533020019531,6.2614630859375e-05,273025872,148,11959113728.0,65983500.0,16639290.0,51113.984375,0.0808297875
1801,1,631739531,False,0.0,0,0,0,0.0,0.0,0.0,0.0,0.0,273025872,819,1915142272.0,27927900.0,0.0,0.0,0.0342116775
1802,2,631738511,False,0.206791743636131,6320,6840,7670,0.000664420770027764,0.0019734650850296,0.616220831871033,312.253234863281,0.000121299978515625,273025872,260,7745340416.0,50175900.0,30919436.0,99020.390625,0.0614654775
1803,1,631739229,False,0.107345320284367,8050,3260,4060,1.60622667877281e-05,2.58872005360899e-05,0.0104519771412015,403.750762939453,2.93240775146484e-06,273025872,1029,9519512576.0,92470496.0,966499.5,2393.80224609375,0.1132763576
1804,2,631738352,False,0.375750243663788,8930,3890,5860,0.000817481657856278,0.00832216255366802,2.89964771270752,348.4248046875,0.000149243539648437,273025872,35,1568316416.0,14639400.0,42449104.0,121831.4609375,0.017933265
1805,1,631739955,False,0.275044083595276,7110,3100,3230,0.000164599461578941,7.54682179016857e-05,0.0356513771835278,472.402531486456,3.00501008605957e-05,273025872,170,52647004160.0,325046692.0,11588362.21875,24530.6945800781,0.3981821977
1806,2,631738942,False,0.287855505943298,9430,3480,5750,0.000936841143706645,0.0020293181296438,0.798940002918243,393.698760986328,0.000171034404296875,273025872,872,10241348608.0,68801400.0,54968192.0,139619.921875,0.084281715
1807,1,631739302,False,0.542164742946625,5290,5860,4910,6.73759117793317e-05,0.000230824472964741,0.0916916579008102,397.235443115234,1.23004833984375e-05,273025872,1109,10173026304.0,43501500.0,3988724.75,10041.2109375,0.0532893375
1808,1,631740024,False,0.0,0,0,0,0.0,0.0,0.0,0.0,0.0,273025872,68,1710201856.0,115434000.0,0.0,0.0,0.14140665
1809,2,631738681,False,0.291057765483856,7170,3350,9720,0.0021285555418362,0.00250778300687671,0.953292608261108,380.133605957031,0.00038859974453125,273025872,520,22731608064.0,126495904.0,120587608.0,317224.28125,0.1549574824
1810,1,631739959,False,0.0,0,0,0,0.0,0.0,0.0,0.0,0.0,273025872,164,11207440.0,194400.0,0.0,0.0,0.00023814
1811,1,631739557,False,0.0,0,0,0,0.0,0.0,0.0,0.0,0.0,273025872,778,149973614592.0,698709632.0,0.0,0.0,0.8559192992
1812,3,631740893,False,0.104275971651077,6690,1160,7100,0.000105328060044741,4.94084139496297e-05,0.022036960415858,446.016349327139,1.92292173828125e-05,273025872,1111,76689006592.0,317705408.0,7001261.5,15697.3203125,0.3891891248
1813,3,631740094,False,0.209054246544838,8000,1420,8460,0.000633945328435519,9.80294153832793e-05,0.0368205901444483,375.607566366541,0.000115736229492187,273025872,33,156906553344.0,963777600.0,35486860.0,94478.5546875,1.18062756
1814,1,631739438,False,0.0,0,0,0,0.0,0.0,0.0,0.0,0.0,273025872,182305709,18276501504.0,132363904.0,0.0,0.0,0.1621457824
1815,3,631740778,False,0.837775468826294,3420,2790,6330,0.190441205879586,0.0130831128803189,5.18495877390143,396.30925922081,0.0347678989335602,273025872,972,222439803296.0,2169358208.0,11248032874.3047,28381958.3131104,2.6574638048
1816,2,631738797,False,0.761689603328705,4830,4620,7140,0.453348647146936,0.00577051378786564,2.34277939796448,405.991485595703,0.0827655962,273025872,672,1902523842560.0,11708446720.0,27430307840.0,67563752.0,14.342847232
1817,2,631739280,False,0.178631648421288,6960,5250,8320,0.000278680956349502,0.00262737949378788,0.888914823532104,338.327545166016,5.08773890625e-05,273025872,484682528,2305217792.0,15807600.0,14051610.0,41532.5625,0.01936431
1818,2,631739867,False,0.0829214453697205,7120,930,8060,3.40563636428717e-05,2.64317677647341e-05,0.0123840589076281,468.529357910156,6.21750006103516e-06,273025872,312782554,41401622528.0,192023104.0,2378025.5,5075.51025390625,0.2352283024
1819,3,631740130,False,0.958819925785065,4000,5060,9330,0.569808568127972,0.0119526704286196,5.67606971527876,474.878793753731,0.104027101785295,273025872,95,1019249689264.0,7104695440.0,40326746623.2631,84920083.0900364,8.703251914
1820,3,631740844,False,0.343209803104401,10530,6580,6170,0.00099819871209359,6.29988794024623e-05,0.0270558916652483,429.466236889776,0.000182236148828125,273025872,1048,86320590848.0,2361378560.0,63889202.5,148764.203125,2.892688736
1821,1,631739845,False,0.0810358598828316,10570,6930,3790,1.57128798110017e-05,6.07662195761804e-06,0.00212447112426162,349.613830566406,2.86862191772461e-06,273025872,326,5018356720.0,385367424.0,818701.9375,2341.73217773438,0.4720750944
1822,3,631740829,False,0.203731760382652,8730,2490,10420,0.00157836794134023,0.000426924430458028,0.178775820087555,418.752845546353,0.000288154744720459,273025872,1027,112308717376.0,550983608.0,98502546.375,235228.363037109,0.6749549198
1823,2,631738333,False,0.999758660793304,6490,5150,7030,5.89352860742339,0.0043513523139214,2.03151315557341,466.869379680872,1.0759520558513,273025872,8,30036444614208.3,201851779744.0,410064546025.843,878328208.858207,247.2684301864
1824,2,631738659,False,0.317021578550339,6940,5370,7330,0.000740885451298752,0.00126088981050998,0.493273854255676,391.210906982422,0.000135259753125,273025872,470,16507345920.0,87570000.0,43195992.0,110416.125,0.10727325
1825,2,631738416,False,0.270097583532333,5540,6470,5750,0.000512139073852934,0.00114875985309482,0.465473026037216,405.196075439453,9.34986705078125e-05,273025872,133,4422504960.0,66441600.0,30926772.0,76325.4453125,0.08139096
1826,1,631740057,False,0.00313902460038662,9260,4630,880,6.77911376253629e-08,1.39934517306983e-08,3.23773542731942e-06,231.375030517578,1.23762891054153e-08,273025872,20,99781599232.0,721987200.0,2337.603515625,10.1030931472778,0.88443432
1827,3,631740093,False,0.627866685390472,4030,2750,6170,0.054276921302385,0.00162238969014793,0.543308176969105,334.881428468377,0.00990906618948478,273025872,31,702313887840.0,4985875880.0,2708867134.95703,8089033.62406921,6.107697953
1828,2,631738821,False,0.666020572185516,8030,4650,6930,0.0123717752617787,0.00615515979006886,2.11204648017883,343.134307861328,0.0022586531625,273025872,697,8738429952.0,299553312.0,632670528.0,1843798.5,0.3669528072
1829,1,631739810,False,0.511517822742462,11060,4970,5480,0.000965458588722261,1.82824340657087e-05,0.0144235015222472,788.926762727973,0.000176258948173523,273025872,370,519419457104.0,7870114840.0,113514613.375,143884.855651855,9.640890679
1830,3,631740433,False,0.315787315368652,9270,6200,2070,0.000742881081483364,9.87200370256875e-05,0.0345581318970385,350.061982736557,0.000135624085351562,273025872,526,166007357440.0,1121490048.0,38756601.0,110713.5390625,1.3738253088
1831,3,631740461,True,1.0,6980,5160,5870,0.0190324290484881,0.649966612919908,1454.98488845948,2238.55327264135,0.00347465542744141,273025872,571,7545365528.0,4363998.6328125,6349552064.0,2836453.41015625,0.00534589832519531
1832,1,631740016,False,0.0250303503125906,2800,2720,4860,3.51884446779076e-06,2.50546895586012e-06,0.000572466640733182,228.48681640625,6.4241784362793e-07,273025872,84,16522015744.0,209311200.0,119823.6796875,524.422729492188,0.25640622
1833,3,631740903,False,0.487126678228378,8070,4130,10470,0.00258526669368986,0.000610178865974686,0.215023594711395,352.394366146919,0.00047197921640625,273025872,1127,102794555392.0,631436416.0,135773728.0,385289.15625,0.7735096096
1834,1,631738437,False,0.134416908025742,8120,6160,3740,7.17871723859962e-05,5.64272995688953e-05,0.0168416183441877,298.465789794922,1.31058251953125e-05,273025872,589508447,31145336832.0,189600304.0,3193176.0,10698.6328125,0.2322603724
1835,1,631739347,False,0.0,0,0,0,0.0,0.0,0.0,0.0,0.0,273025872,1051,7318.533203125,1800.0,0.0,0.0,2.205e-06
1836,3,631740956,False,0.170545533299446,8340,5560,5480,0.000131203176707262,0.000680474039407678,0.220976694089479,324.739345356701,2.39531080810547e-05,273025872,607344850,5991508992.0,28735200.0,6349809.5,19553.5576171875,0.03520062
1837,3,631740155,False,0.732231080532074,8950,3800,6920,0.119246279326059,0.00383924304726446,1.37715714275048,358.705381711047,0.0217701970992187,273025872,128,382587699200.0,4628930560.0,6374764784.0,17771589.46875,5.670439936
1838,2,631738516,False,0.0997093915939331,10120,2140,8530,7.17896624023814e-05,0.000115893555630464,0.0651136860251427,561.840454101562,1.31062797851562e-05,273025872,269,11966791680.0,92317504.0,6011133.0,10699.00390625,0.1130889424
1839,3,631740171,False,0.394132107496262,7360,3810,5760,0.00874981860607707,0.00325973173301503,1.16933701577908,358.721855524448,0.0015974106421875,273025872,149,54322438144.0,400035584.0,467776416.0,1304008.6875,0.4900435904
1840,3,631740396,False,0.254994362592697,6920,6690,8760,0.00123532092802393,0.000487700278063335,0.194120964803701,398.03332812226,0.00022552636640625,273025872,451,82299428864.0,377492416.0,73279192.0,184103.15625,0.4624282096
1841,2,631738584,False,0.246591672301292,6170,4770,9480,0.000704052290186164,0.0113025028258562,3.76837778091431,333.410919189453,0.00012853530703125,273025872,355,1542622720.0,9283500.0,34983736.0,104926.78125,0.0113722875
1842,1,631739314,False,0.149626776576042,5960,4660,5280,7.13628408305806e-05,9.67544401646592e-05,0.0482231043279171,498.407135009766,1.30283571044922e-05,273025872,1096,21940316160.0,109921504.0,5300756.0,10635.3935546875,0.1346538424
1843,3,631740239,False,0.446027517318726,6720,3480,6910,0.00956690685035441,0.000733850041094165,0.321358847592682,437.908059681428,0.00174658235828552,273025872,239,394349351424.0,1942878568.0,624361217.625,1425781.51696777,2.3800262458
1844,1,631739617,False,0.0,0,0,0,0.0,0.0,0.0,0.0,0.0,273025872,680,43191120.0,4333500.0,0.0,0.0,0.0053085375
1845,3,631740659,False,0.525707006454468,9520,3390,910,0.055361759878741,0.0354613010645802,19.0787521790706,538.016136078183,0.0101071197452148,273025872,836,42773824512.0,232668000.0,4439015112.0,8250709.99609375,0.2850183
1846,2,631738707,False,0.393995940685272,4410,5560,5720,0.00397943787627005,0.00317443744279444,1.15074849128723,362.504699707031,0.0007265060796875,273025872,564,25541560320.0,186825600.0,214989280.0,593066.1875,0.22886136
1847,2,631738744,False,0.454877495765686,3580,4280,6770,0.000748157242728762,0.00103767227847129,0.279185384511948,269.049652099609,0.000136587327734375,273025872,608,2708462336.0,107451904.0,29999000.0,111499.859375,0.1316285824
1848,2,631739068,False,0.429435640573502,7460,6520,6140,0.00538476538068398,0.00914433412253857,3.3318817615509,364.36572265625,0.000983069696875,273025872,1004,14655253504.0,87759904.0,292405632.0,802505.875,0.1075058824
1849,1,631739779,False,0.0,0,0,0,0.0,0.0,0.0,0.0,0.0,273025872,425,51106862560.0,357509708.0,0.0,0.0,0.4379493923
1850,3,631740470,False,0.1987075060606,5720,2920,5760,0.000133498068364414,6.21222172516839e-05,0.0221223745046415,356.110510592598,2.43720749786377e-05,273025872,581,29729320960.0,320264992.0,7085022.09375,19895.5714111328,0.3923246152
1851,2,631738515,False,0.148926973342896,5790,6900,7850,0.000249294123710177,0.000551952340174466,0.190410971641541,344.977172851562,4.55123819335937e-05,273025872,268,14016715776.0,67311904.0,12816925.0,37152.96484375,0.0824570824
1852,1,631739510,False,0.0,0,0,0,0.0,0.0,0.0,0.0,0.0,273025872,846,21315756032.0,150742800.0,0.0,0.0,0.18465993
1853,3,631740950,False,0.507164359092712,9180,2270,5860,0.0311973045764747,0.000913945921558663,0.333306338603954,364.689344021062,0.00569553593984375,273025872,294,813945997312.0,5087190592.0,1695592870.0,4649417.09375,6.2318084752
1854,1,631739346,False,0.154776617884636,9430,4200,4720,2.24325920160215e-05,8.32428577268729e-06,0.00308393454179168,370.474365234375,4.09540618286133e-06,273025872,1052,29527574528.0,401618688.0,1238565.75,3343.18872070312,0.4919828928
1855,2,631738982,False,0.0600100792944431,11640,5340,8090,7.83685232265999e-06,5.62172408535844e-06,0.00328247435390949,583.891052246094,1.43073495178223e-06,273025872,153,8386195968.0,207756000.0,681953.75,1167.94689941406,0.2545011
1856,2,631739164,False,0.30403009057045,7560,6290,5900,0.000498386477461055,0.00462268153205514,1.50455629825592,325.472625732422,9.0987927734375e-05,273025872,1126,1561752704.0,16067700.0,24174760.0,74275.859375,0.0196829325
1857,2,631739094,False,0.391543477773666,6740,3810,10250,0.000870504957926988,0.000247006450081244,0.12220224738121,494.733032226562,0.000158923738476562,273025872,1035,125266092032.0,525223808.0,64183528.0,129733.6640625,0.6433991648
1858,2,631739238,False,0.0570502057671547,8250,5540,5780,1.12776667210631e-05,4.64896584162489e-05,0.0127641586586833,274.559112548828,2.05890723571777e-06,273025872,607344834,7180710400.0,36153000.0,461462.625,1680.74060058594,0.044287425
1859,1,631739681,False,0.529114842414856,4830,6860,5060,0.00337381871212584,0.0015100761083886,0.512120485305786,339.135528564453,0.00061594121640625,273025872,596,41681305600.0,332969408.0,170520448.0,502809.15625,0.4078875248
1860,3,631740517,False,0.281439244747162,6300,7170,7940,0.00531214533713318,0.00114615692003689,0.403446602825576,351.999447695687,0.000969811818554687,273025872,639,115659739136.0,690728384.0,278672020.0,791683.1171875,0.8461422704
1861,1,631740022,False,0.430800020694733,5500,2880,4390,0.00440579141672788,0.000244845215432736,0.0982276187726684,401.182512793082,0.000804343314208984,273025872,73,118333246736.0,2681721944.0,263419160.769531,656606.787109375,3.2851093814
1862,3,631740420,False,0.709353506565094,6370,1360,6500,0.124712950340427,0.000844639899633474,0.274622470548768,325.135564478944,0.0227682198981857,273025872,500,2232155520609.94,22005001144.0,6043067778.59375,18586301.9577026,26.9561264014
1863,3,631740201,False,0.660541296005249,6910,5560,6830,0.111620470052376,0.00895295081968025,3.1835405094436,355.585613454459,0.020377991221875,273025872,194,193915838464.0,1858057216.0,5915200416.0,16635094.875,2.2761200896
1864,3,631740770,True,0.650980830192566,6260,540,6320,0.000609920444658737,0.125547284831029,88.412901225312,704.219938681311,0.0001113501265625,273025872,965,201540288.0,724014.5625,64012228.0,90898.0625,0.0008869178390625
1865,1,631739541,False,0.274718642234802,7660,4700,4260,0.000817735272577788,0.00112460472155362,0.41581192612648,369.740509033203,0.000149289840820312,273025872,804,16484614144.0,108366304.0,45060000.0,121869.2578125,0.1327487224
1866,2,631738667,False,0.450825363397598,3520,3490,7260,0.00267336525572659,0.0202445443719625,5.7691764831543,284.974365234375,0.00048806293046875,273025872,488,665492352.0,19680300.0,113539120.0,398418.71875,0.0241083675
1867,2,631739016,False,0.627443373203278,3780,4360,6670,0.0487202489710513,0.00934678222984076,2.22649526596069,238.209808349609,0.0088946123,273025872,956,36145107456.0,776835008.0,1729619456.0,7260908.0,0.9516228848
1868,3,631740482,False,0.128976747393608,7830,3530,9820,0.000119430267842455,0.000429460966717939,0.140703052237906,327.627102675239,2.18037869628906e-05,273025872,598,4302232704.0,41445000.0,5831438.0,17799.009765625,0.050770125
1869,3,631740559,False,0.25484761595726,8930,4040,10280,0.00190401414679755,0.001872552678822,0.67898149072995,362.596736748195,0.00034760634453125,273025872,692,29939686400.0,151536608.0,102890552.0,283760.28125,0.1856323448
1870,2,631738359,True,1.0,6860,5320,6170,0.0353975576579516,0.221170596801176,655.473848639344,2963.65727686935,0.00646235514768104,273025872,46,20650101810.4375,23852139.6315308,15634453762.5625,5275391.95729065,0.0292188710486252
1871,2,631738866,False,0.530437529087067,6150,980,6320,0.0205197295435777,0.00150270783342421,0.58093786239624,386.594024658203,0.00374618444375,273025872,767,212445687344.0,2035066112.0,1182246912.0,3058109.75,2.4929559872
1872,3,631740288,False,0.163790598511696,5810,2890,5270,0.000120852139277839,4.21917299430718e-05,0.0146491930502521,347.205318910077,2.20633709228516e-05,273025872,310,22829638656.0,426882592.0,6253485.5,18010.9150390625,0.5229311752
1873,3,631740846,False,0.0012896922416985,9000,4130,5830,7.78838020419933e-09,0.00032242304748959,0.00580361472235786,17.9999995891895,1.42188563942909e-09,273025872,1051,12762.6611328125,3600.0,20.8930130004883,1.16072297096252,4.41e-06
1874,2,631739162,False,0.000739503127988428,12820,7160,7420,9.0242232910141e-09,3.44040773647691e-09,1.45993794831156e-06,424.350250244141,1.64750733375549e-09,273025872,1123,487904176.0,390914112.0,570.710327148438,1.34490394592285,0.4788697872
1875,3,631740296,False,0.322427034378052,6150,6630,8490,0.0085239376641316,0.00095038104152892,0.359148606707537,377.899590810186,0.00155617268780518,273025872,319,268318736384.0,1336669184.0,480062875.0625,1270345.05126953,1.6374197504
1876,3,631740736,False,0.565346717834473,7500,3510,6300,0.0180375371567862,0.0061458968181527,2.53299750903184,412.14448988963,0.00329302298828125,273025872,930,63958669312.0,437394592.0,1107919412.0,2688182.03125,0.5358083752
1877,3,631740863,True,1.0,6940,5240,6080,0.103816778411531,0.727375358949095,3540.96678040773,4868.14233784835,0.01895331025,273025872,1077,79389974528.0,21271122.0,75320336384.0,15472090.0,0.02605712445
1878,1,631739613,False,0.654443085193634,4400,5110,2530,0.0404415618207825,6.04858329598211e-05,0.0189488555088601,313.277582230656,0.00738321377249277,273025872,688,15447372418062.2,99645040644.0,1888159477.33765,6027113.28366756,122.0651747889
1879,3,631740320,True,1.0,7270,4930,6090,0.922642804488509,0.58033674817593,2355.66592593662,4059.13624002059,0.168442284483936,273025872,343,621556052312.0,236938133.132812,558147086776.0,137503905.701172,0.290249213087695
1880,2,631738997,False,0.0,0,0,0,0.0,0.0,0.0,0.0,0.0,273025872,936,288980992000.0,1500636544.0,0.0,0.0,1.8382797664
1881,2,631739019,False,0.568303406238556,7200,3570,10730,0.0259917719381554,0.0301708672195673,14.698390007019,487.171600341797,0.00474518786875,273025872,959,25555062784.0,128389504.0,1887118976.0,3873622.75,0.1572771424
1882,3,631740522,False,0.418536871671677,4660,1970,7350,0.00311636739958047,0.000157674796827958,0.056397224132578,357.680651994841,0.000568939617285156,273025872,648,450787459072.0,2945559552.0,166121382.25,464440.50390625,3.6083104512
1883,2,631739015,False,0.198971331119537,12110,6610,6730,0.000257055006779642,0.000165996098075993,0.0456851907074451,275.218475341797,4.69292475585937e-05,273025872,955,8667869184.0,230786096.0,10543507.0,38309.58984375,0.2827129676
1884,1,631739337,False,0.0,0,0,0,0.0,0.0,0.0,0.0,0.0,273025872,1064,346698776576.0,2300333312.0,0.0,0.0,2.8179083072
1885,1,631740036,False,0.272989183664322,7460,3450,5550,0.0026190030083188,0.0050810812972486,1.9205139875412,377.973449707031,0.00047813828671875,273025872,50,10653812736.0,76817696.0,147529456.0,390316.96875,0.0941016776
1886,3,631740837,False,0.0,0,0,0,0.0,0.0,0.0,0.0,0.0,273025872,1039,3336151040.0,73461600.0,0.0,0.0,0.08999046
1887,1,631739304,False,0.0244397465139627,12640,6990,4790,3.96056231689087e-06,1.40869008191657e-06,0.000764236552640796,542.515747070312,7.23060063171387e-07,273025872,1107,16490389504.0,419008512.0,320221.625,590.253112792969,0.5132854272
1888,2,631738674,False,0.0,0,0,0,0.0,0.0,0.0,0.0,0.0,273025872,506,122018936.0,5330700.0,0.0,0.0,0.0065301075
1889,1,631739330,False,0.0461804196238518,7840,1390,1700,7.05966824468714e-06,1.98321085917996e-05,0.00481768837198615,242.923675537109,1.28884833984375e-06,273025872,1074,7149462528.0,53051400.0,255585.125,1052.12109375,0.064987965
1890,2,631738743,False,0.052591398358345,11410,5690,8270,7.23923200851959e-06,1.47151657927831e-06,0.000824420946599223,560.252570856897,1.32163039855957e-06,273025872,607,68206016512.0,733176896.0,604446.390625,1078.88195800781,0.8981416976
1891,2,631738851,False,0.0,0,0,0,0.0,0.0,0.0,0.0,0.0,273025872,744,48630488.0,30121200.0,0.0,0.0,0.03689847
1892,3,631740159,False,0.270097583532333,5540,6470,5750,0.000607804867763779,0.000681672118529186,0.271052115692578,397.628285395353,0.000110963896264648,273025872,133,9926365184.0,132883200.0,36018272.5,90582.7724609375,0.16278192
1893,2,631738531,False,0.32675763964653,7360,4250,10120,0.0130551389231945,0.00455489149317145,1.83800876140594,403.524139404297,0.00238341145,273025872,289,96637026304.0,427154400.0,785113536.0,1945642.0,0.52326414
1894,1,631739561,False,0.0,0,0,0,0.0,0.0,0.0,0.0,0.0,273025872,772,88813338624.0,451152000.0,0.0,0.0,0.5526612
1895,3,631740173,False,0.0,0,0,0,0.0,0.0,0.0,0.0,0.0,273025872,589508455,2412241024.0,76631400.0,0.0,0.0,0.093873465
1896,2,631739114,False,0.295575737953186,8030,2730,6320,0.00121856128300246,0.00278649176470935,1.05584692955017,378.916229248047,0.000222466641796875,273025872,1061,11627055104.0,65173500.0,68813240.0,181605.421875,0.0798375375
1897,1,631739263,False,0.489783823490143,6150,5100,4630,0.000729022384182776,0.000166814279509708,0.0726917162537575,435.764373779297,0.000133093972265625,273025872,262,78219468800.0,651312000.0,47344988.0,108648.140625,0.7978572
1898,3,631740765,False,0.490500003099442,3190,4930,7970,0.0250441964648656,0.00035853559689761,0.1352689436667,377.281767381467,0.0045721937515625,273025872,961,1802732109824.0,10410132480.0,1408167624.0,3732403.0625,12.752412288
1899,3,631740292,False,0.392340809106827,4980,4770,9200,0.0131516546555305,0.00499797287899131,1.66288764256777,332.712418180104,0.00240103184476623,273025872,314,70154012672.0,392164192.0,652124988.734375,1960025.99572754,0.4804011352
1900,3,631740245,False,0.568303406238556,7200,3570,10730,0.0472284718466146,0.00134972638455143,0.596115036101462,441.656207453908,0.00862226600785036,273025872,247,1099574841152.0,5214823224.0,3108634534.4375,7038584.49620438,6.3881584494
1901,3,631740760,False,0.627443373203278,3780,4360,6670,0.0488759883301893,0.0046883303243203,1.11760743022539,238.380692680271,0.00892304485625,273025872,956,68651452672.0,1553670016.0,1736393154.0,7284118.25,1.9032457696
1902,1,631739587,False,0.0,0,0,0,0.0,0.0,0.0,0.0,0.0,273025872,727,59137609728.0,410187584.0,0.0,0.0,0.5024797904
1903,1,631739462,False,0.0,0,0,0,0.0,0.0,0.0,0.0,0.0,273025872,914,1139706368.0,5249700.0,0.0,0.0,0.0064308825
1904,1,631739661,False,0.373895436525345,6220,7220,3660,0.000665589793404579,0.000689972667538634,0.19648599609126,284.773593702184,0.000121513401269531,273025872,619,27688890368.0,143766004.0,28248006.5,99194.61328125,0.1761133549
1905,3,631740918,False,0.679405927658081,6160,1960,6900,0.0205806155290719,0.00112066113239333,0.402393361951635,359.067830872539,0.00375730009375,273025872,484682516,67775873024.0,2736941312.0,1101327016.0,3067183.75,3.3527531072
1906,1,631739946,False,0.0,0,0,0,0.0,0.0,0.0,0.0,0.0,273025872,187,44101242880.0,245393104.0,0.0,0.0,0.3006065524
1907,3,631740773,False,0.666020572185516,8030,4650,6930,0.0314719198587715,0.000421979826968155,0.133693728388974,316.824928218816,0.00574567107911893,273025872,967,233805598663.0,11115089960.0,1486017818.13125,4690343.73805627,13.615985201
1908,2,631738755,False,0.249774694442749,5820,6660,7750,0.00100622590896813,0.00104308747134771,0.340065878856868,326.018563349715,0.000183701634033203,273025872,619,26787118080.0,143766004.0,48889912.5,149960.517578125,0.1761133549
1909,2,631738449,False,0.490502953529358,4300,4270,9690,0.00350230733194401,0.00288571394048631,0.830857872962952,287.921081542969,0.00063939874140625,273025872,180,25040037888.0,180876608.0,150282752.0,521958.15625,0.2215738448
1910,1,631739433,False,0.520296216011047,7270,5310,5560,0.0387283011555177,0.0181387737393379,7.74930906295776,427.223449707031,0.0070704323375,273025872,946,63946723328.0,318201312.0,2465840384.0,5771781.5,0.3897966072
1911,1,631739671,False,0.159963697195053,3440,4140,4860,2.54135184079293e-05,3.52478091372177e-05,0.00842864904552698,239.125473022461,4.63961901245117e-06,273025872,608,1844682112.0,107451904.0,905674.375,3787.44409179688,0.1316285824
1912,3,631740449,False,0.999758660793304,6490,5150,7030,0.920820729297795,0.0075822242945461,5.0163368405616,661.591723706968,0.168109637325,273025872,549,3067693524264.0,18099221504.0,90791791616.0,137232357.0,22.1715463424
1913,2,631738827,False,0.891339004039764,4000,5090,9310,0.0815450888560437,0.108685553073883,71.9710540771484,662.195251464844,0.014887279225,273025872,704,29171912704.0,111816896.0,8047580160.0,12152881.0,0.1369756976
1914,3,631740097,False,0.463184386491776,6210,5520,6040,0.0044451046472655,0.00389972456800414,1.51349926647244,388.104144300386,0.000811520534179687,273025872,38,22837326848.0,169875008.0,257105700.0,662465.7421875,0.2080968848
1915,2,631738331,False,0.00924026686698198,9880,5400,7640,5.75494337745648e-07,1.72315765212261e-07,5.16840773343574e-05,299.938201904297,1.05065124320984e-07,273025872,7,41655730176.0,497734208.0,25724.93359375,85.767448425293,0.6097244048
1916,3,631740622,False,0.591678321361542,5500,4610,7080,0.0354282900937049,0.00158759303084241,0.381310263425604,240.181366394177,0.00646796581484375,273025872,784,36141634688.0,3325771776.0,1268150912.0,5279972.09375,4.0740704256
1917,3,631740236,False,0.167955085635185,7650,1050,8500,5.14955308595321e-05,5.82883753491827e-05,0.0285066506107184,489.062363463492,9.401281640625e-06,273025872,312782612,32909154304.0,131664600.0,3753316.75,7674.515625,0.161289135
1918,1,631738485,False,0.0,0,0,0,0.0,0.0,0.0,0.0,0.0,273025872,312782620,11858200576.0,68142600.0,0.0,0.0,0.083474685
1919,1,631739290,False,0.0,0,0,0,0.0,0.0,0.0,0.0,0.0,273025872,1128,52904341504.0,249867008.0,0.0,0.0,0.3060870848
1920,1,631739267,False,0.513271152973175,9520,6970,5590,0.00392344126315795,0.000782181166216349,0.230904261124202,295.205600821555,0.00071628305796113,273025872,933,14324800008.0,747551704.0,172612873.864258,584720.863641739,0.9157508374
1921,3,631740858,False,0.0947180166840553,10480,6820,6240,2.37281356645305e-05,4.15892458144407e-05,0.0135731510001364,326.362037453045,4.33192711029053e-06,273025872,1069,1433850880.0,85028400.0,1154103.3125,3536.26702880859,0.10415979
1922,1,631739993,False,0.0,0,0,0,0.0,0.0,0.0,0.0,0.0,273025872,121,1421334400.0,17208000.0,0.0,0.0,0.0210798
1923,2,631739174,False,0.274551838636398,2050,3570,7150,0.000219908496762997,0.000262649584328756,0.043909840285778,167.180297851562,4.0147594921875e-05,273025872,204,2686194432.0,124780496.0,5479091.5,32773.546875,0.1528561076
1924,3,631740407,False,0.317021578550339,6940,5370,7330,0.000790100068175347,0.000672323341103903,0.26218927429485,389.974969282422,0.000144244619702148,273025872,470,32570423296.0,175140000.0,45919829.5,117750.709960938,0.2145465
1925,3,631740573,False,0.552977800369263,3660,3980,5770,0.0297791617178363,0.0326024522724401,17.8333645395323,546.994575454294,0.0054366326875,273025872,707,16019145728.0,136126800.0,2427598848.0,4438067.5,0.16675533
1926,1,631739181,False,0.0,0,0,0,0.0,0.0,0.0,0.0,0.0,273025872,484682512,12968683520.0,482925600.0,0.0,0.0,0.59158386
1927,1,631739289,False,0.641022026538849,7280,5230,5670,0.248239592423194,0.0023173607559814,1.04632244030042,451.514697312334,0.0453198614281769,273025872,1129,2491368417184.0,15964629224.0,16704149808.1471,36995805.2474914,19.5566707994
1928,3,631740910,False,0.134587347507477,7620,3010,5820,5.53801005793242e-05,0.00063340880104488,0.20389802151924,321.905886345259,1.01104681152344e-05,273025872,599626923,1219298368.0,13030200.0,2656832.0,8253.443359375,0.015961995
1929,2,631738599,False,0.212767586112022,9750,2620,9270,0.000140794726375818,0.000434671179391444,0.16348160803318,376.104125976562,2.57041893554687e-05,273025872,377,6993334784.0,48273300.0,7891797.0,20983.01171875,0.0591347925
1930,3,631740350,False,0.301914513111115,8590,4490,7700,0.00179571704363647,0.000191845601640456,0.0716421836405855,373.436675263749,0.000327835083789062,273025872,381,222867251200.0,1394978432.0,99939301.0,267620.4765625,1.7088485792
1931,2,631739165,False,0.487126678228378,8070,4130,10470,0.00258526669368986,0.00122035772074014,0.430047184228897,352.394378662109,0.00047197921640625,273025872,1127,54606667776.0,315718208.0,135773728.0,385289.15625,0.3867548048
1932,2,631739896,False,0.26024317741394,9020,2350,9230,0.000265532044772196,0.00544991809874773,1.79666519165039,329.668273925781,4.84768580078125e-05,273025872,312782598,872256384.0,7261200.0,13045945.0,39572.9453125,0.00889497
1933,2,631738723,False,0.411906123161316,2900,3870,5790,0.00214473278513052,0.00224092183634639,0.687986135482788,307.010314941406,0.00039155314296875,273025872,582,14224601088.0,142635600.0,98131312.0,319635.21875,0.17472861
1934,3,631740652,False,0.371546596288681,3720,3800,6030,0.00582438959452036,0.00286865768825209,0.907037796338606,316.188926986013,0.00106332969189453,273025872,827,44594477056.0,302588992.0,274459652.5,868024.23828125,0.3706715152
1935,3,631740852,False,0.259978920221329,8450,4400,5750,8.69784916448719e-05,0.00207834462674551,0.500510837542088,240.82186904962,1.58792284103394e-05,273025872,1060,184482888.0,6237000.0,3121686.09375,12962.6354370117,0.007640325
1936,2,631738769,True,1.0,7270,4930,6090,0.298721837814083,0.619485010574476,2625.68483928393,4238.49616126953,0.05453615260625,273025872,637,205949957632.0,71865029.0,188694917120.0,44519308.25,0.088034660525
1937,3,631740278,False,0.0829214453697205,7120,930,8060,3.40563636428717e-05,1.32158843081358e-05,0.00619202963201761,468.529346023842,6.21750006103516e-06,273025872,312782554,79028523008.0,384046208.0,2378025.5,5075.51025390625,0.4704566048
1938,2,631739061,False,0.958819925785065,4000,5060,9330,0.103431795667677,0.0745407938957214,50.0882530212402,671.957641601562,0.018883025875,273025872,996,38695780352.0,206795696.0,10358035456.0,15414715.0,0.2533247276
1939,3,631740851,False,0.366375356912613,6700,4100,10050,0.00562536072388983,0.00131861409723408,0.55948756159009,424.299696752575,0.0010269939859375,273025872,1058,155084480512.0,635790592.0,355716928.0,838362.4375,0.7788434752
1940,1,631739585,False,0.0,0,0,0,0.0,0.0,0.0,0.0,0.0,273025872,729,43163385856.0,235562400.0,0.0,0.0,0.28856394
1941,1,631739592,False,0.0,0,0,0,0.0,0.0,0.0,0.0,0.0,273025872,720,8106502144.0,186636592.0,0.0,0.0,0.2286298252
1942,2,631739236,False,0.122022688388824,8540,5240,6030,1.69481196038075e-05,0.000258232437772676,0.081469900906086,315.490539550781,3.09413347167969e-06,273025872,607344830,1187576320.0,9781200.0,796873.375,2525.8232421875,0.01198197
1943,3,631740731,False,0.254387199878693,6520,730,8220,0.0010797773709967,0.00107556736684715,0.381525986943241,354.720679246361,0.000197129556768799,273025872,182305693,15385490432.0,149616000.0,57082392.0625,160922.087158203,0.1832796
1944,2,631739227,False,0.0,0,0,0,0.0,0.0,0.0,0.0,0.0,273025872,549009227,1072987584.0,20026800.0,0.0,0.0,0.02453283
1945,2,631738464,False,0.160431265830994,10800,4440,6650,0.000204294534491067,3.72337926819455e-05,0.0264533683657646,710.466674804688,3.72970318847656e-05,273025872,202,105445195776.0,817713024.0,21631264.0,30446.556640625,1.0016984544
1946,2,631739108,False,0.758297264575958,3600,3460,6540,0.00897053072286502,0.0144867915660143,4.27159833908081,294.861602783203,0.00163770495,273025872,1054,8062555136.0,92284200.0,394201056.0,1336902.0,0.113048145
1947,2,631739040,False,0.099143847823143,10470,3190,6610,5.50711026512674e-05,1.36551598188817e-05,0.00889082625508308,651.096435546875,1.00540559082031e-05,273025872,976,139618680832.0,601046976.0,5343804.0,8207.392578125,0.7362825456
1948,1,631739811,False,0.0886765867471695,5250,1170,3060,3.56132529404074e-05,3.12896848412328e-06,0.000783404149843419,250.371377602074,6.50173355712891e-06,273025872,369,249728724096.0,1696257928.0,1328855.5,5307.53759765625,2.0779159618
1949,1,631739298,False,0.0,0,0,0,0.0,0.0,0.0,0.0,0.0,273025872,1116,69037704.0,13062600.0,0.0,0.0,0.016001685
1950,1,631739467,False,0.0453158766031265,5300,5300,4350,1.36868900606585e-06,2.13758380596119e-06,0.000641922175418586,300.302703857422,2.49874709701538e-07,273025872,908,4860195840.0,95425200.0,61255.5546875,203.979354858398,0.11689587
1951,1,631739685,False,0.152809426188469,6310,1570,5060,0.000192189503309194,9.64789069257677e-05,0.0287765935063362,298.268249511719,3.50870768554687e-05,273025872,590,46606671872.0,296878496.0,8543152.0,28642.51171875,0.3636761576
1952,2,631738598,False,0.247199907898903,8740,4690,9090,0.00396885207124971,7.76337393050985e-05,0.0357866702664621,460.968009357651,0.000724573482183838,273025872,375,1891237818368.0,7618962608.0,272657302.625,591488.556884766,9.3332291948
1953,1,631739983,False,0.175830021500587,5360,6820,5520,9.56657939108447e-05,0.000214584346394986,0.0766312181949615,357.114654541016,1.74652257568359e-05,273025872,133,5503860224.0,66441600.0,5091500.5,14257.3271484375,0.08139096
1954,1,631739680,False,0.142924919724464,3740,5100,5650,0.000248441227571491,0.000113744936243165,0.0395369566977024,347.593109130859,4.53566729492187e-05,273025872,597,23515416576.0,325516512.0,12869932.0,37025.85546875,0.3987577272
1955,2,631738575,False,0.367548078298569,4810,4930,9510,0.0145976716774168,0.00642394972965121,2.21335649490356,344.547576904297,0.00266502394375,273025872,344,69526208512.0,338659200.0,749573504.0,2175529.75,0.41485752
1956,2,631738636,False,0.0,0,0,0,0.0,0.0,0.0,0.0,0.0,273025872,437,50167758848.0,831773696.0,0.0,0.0,1.0189227776
1957,3,631740271,False,0.117085292935371,7500,1430,8100,0.000111383622629412,8.2571015498829e-05,0.0319040574938471,386.383252054101,2.0334751171875e-05,273025872,312782566,42399461376.0,201036608.0,6413883.5,16599.796875,0.2462698448
1958,2,631739050,False,0.540693759918213,4620,2700,7980,0.0357239064116006,0.00104227174872097,0.338656728727537,324.921719449002,0.00652193500820312,273025872,985,630040053248.0,5108100248.0,1729892520.0,5324028.578125,6.2574228038
1959,3,631740641,False,0.00122917559929192,9160,4660,5790,1.14347972942825e-08,4.08788665062497e-08,2.54792144078482e-05,623.285736260638,2.08759377896786e-09,273025872,812,287026024.0,41688000.0,1062.17749023438,1.70415818691254,0.0510678
1960,1,631739986,False,0.224075824022293,7390,5250,5690,0.000224237534407552,8.33312515169382e-05,0.0304180551320314,365.025756835938,4.09379256835937e-05,273025872,129,13582286848.0,401034592.0,12198692.0,33418.71484375,0.4912673752
1961,1,631738527,False,0.0,0,0,0,0.0,0.0,0.0,0.0,0.0,273025872,312782566,20689887232.0,100518304.0,0.0,0.0,0.1231349224
1962,2,631739176,False,0.234374344348907,7850,4090,7980,0.000675258212500016,0.00993931107223034,3.19130086898804,321.078704833984,0.000123278516210937,273025872,563807439,1208592128.0,10125000.0,32311922.0,100635.5234375,0.012403125
1963,3,631740166,False,0.057730957865715,12030,6710,6990,1.05021765094997e-05,7.94823906321412e-05,0.0339353449370303,426.954255743126,1.91732986450195e-06,273025872,143,1308317312.0,19692000.0,668254.8125,1565.16723632812,0.0241227
1964,1,631739485,False,0.00578931393101811,7730,4760,1750,5.37755590027584e-07,1.0893113540078e-06,0.000263154477579519,241.578750610352,9.81753498077392e-08,273025872,884,9165843456.0,73572304.0,19360.880859375,80.1431427001953,0.0901260724
1965,3,631740935,False,0.375670820474625,4940,1120,6750,0.00234637847950703,0.00010531590607325,0.0379405702506809,360.25489088317,0.000428366589355469,273025872,943,448712622080.0,3320362752.0,125976456.25,349687.01171875,4.0674443712
1966,2,631739080,False,0.0,0,0,0,0.0,0.0,0.0,0.0,0.0,273025872,1017,823546019840.0,4862534400.0,0.0,0.0,5.95660464
1967,3,631740213,False,0.0,0,0,0,0.0,0.0,0.0,0.0,0.0,273025872,209,9741301760.0,258809408.0,0.0,0.0,0.3170415248
1968,1,631739723,False,0.0,0,0,0,0.0,0.0,0.0,0.0,0.0,273025872,530,218679760.0,16888500.0,0.0,0.0,0.0206884125
1969,3,631740767,False,0.492621660232544,6100,660,6050,0.00641370809164689,0.000279179209713056,0.0970340165463409,347.568920501185,0.00117091862388611,273025872,962,295899112127.5,3423793408.0,332224426.203125,955851.937866211,4.1941469248
1970,2,631738771,False,0.449998021125793,5200,4800,9380,0.0145248352907582,0.0109618986025453,3.52133679389954,321.234191894531,0.00265172656875,273025872,638,26415808512.0,197472608.0,695367552.0,2164674.75,0.2419039448
1971,2,631738782,False,0.0,0,0,0,0.0,0.0,0.0,0.0,0.0,273025872,654,52613402624.0,246657600.0,0.0,0.0,0.30215556
1972,2,631738465,False,0.14105412364006,11940,6280,6540,1.37454343184342e-05,7.4266892625019e-05,0.0207497999072075,279.39501953125,2.50943522949219e-06,273025872,203,2535758848.0,27583200.0,572345.875,2048.5185546875,0.03378942
1973,2,631738640,False,0.601122558116913,6300,560,6060,0.0149146441581597,0.00592854805290699,2.38050293922424,401.532165527344,0.002722892025,273025872,442,38532818812.0,374926368.0,892513280.0,2222769.0,0.4592848008
1974,2,631738898,False,0.50793045759201,3590,4640,5730,0.042523080255402,0.0279025007039309,12.1837682723999,436.655059814453,0.0077632261875,273025872,814,28981950464.0,227124000.0,2767226112.0,6337327.5,0.2782269
1975,2,631739146,False,0.581180989742279,3860,4470,8540,0.0824450459898821,0.0180873777717352,5.41486740112305,299.372711181641,0.0150515799,273025872,1101,74748379136.0,679313728.0,3678393600.0,12287004.0,0.8321593168
1976,3,631740923,False,0.501094400882721,4100,2700,6540,0.0113094891078391,0.0026794735419238,0.750577378987744,280.121213083092,0.00206471688978996,273025872,919,56258533376.0,629035200.0,472139591.707031,1685483.17533875,0.77056812
1977,1,631739379,False,0.275044083595276,7110,3100,3230,0.00029100538582378,6.77670281233402e-05,0.0271829349377883,401.123314546326,5.31273985412598e-05,273025872,1008,92305330176.0,639976492.0,17396439.34375,43369.3049316406,0.7839712027
1978,2,631738768,False,0.485075205564499,8120,2740,5910,0.0234180926798731,0.0267707146704197,9.77785205841064,365.244354248047,0.0042753241125,273025872,634,21543311360.0,130368600.0,1274724864.0,3490060.5,0.159701535
1979,3,631740211,False,0.0,0,0,0,0.0,0.0,0.0,0.0,0.0,273025872,207,1905688384.0,47505600.0,0.0,0.0,0.05819436
1980,3,631740784,False,0.113935701549053,11910,6790,6860,0.000200124060107022,4.68266093047399e-05,0.0151018183772231,322.505058586303,3.65356492248535e-05,273025872,978,25546464256.0,636924608.0,9618719.75,29825.0197753906,0.7802326448
1981,1,631739180,False,0.316363751888275,6680,2480,3040,0.00097556137028945,0.000106243052869104,0.040285162627697,379.179260253906,0.0001781033625,273025872,484682516,33547421696.0,1368470656.0,55129064.0,145390.5,1.6763765536
1982,3,631740704,False,0.472580999135971,6700,4960,7420,0.00457521407280838,0.000319829063896556,0.116826566679521,365.278143443859,0.000835273961578369,273025872,896,77874373632.0,2131939752.0,249067201.59375,681856.295166016,2.6116261962
1983,3,631740381,True,0.908263385295868,6310,730,6210,0.00774816438029756,0.165006557153335,200.653931702006,1216.03610888957,0.0014145436375,273025872,434,3339121664.0,6998082.5,1404192768.0,1154729.5,0.0085726510625
1984,3,631740806,False,0.358755350112915,7890,3120,10790,0.00706449304459399,0.000544357634981128,0.20898279841591,383.907168718512,0.00128972917944336,273025872,1002,419340215424.0,1934096408.0,404192879.75,1052840.14648438,2.3692680998
1985,3,631740406,False,0.105722077190876,8610,1150,7280,4.40305665794269e-05,0.000260433720194155,0.0898767383435729,345.104075910636,8.0384404296875e-06,273025872,469,2501213312.0,25196400.0,2264570.25,6561.9921875,0.03086559
1986,3,631740922,False,0.344366431236267,2410,2630,6510,0.00666395400200504,0.00296970910719754,0.903838270754392,304.352459493021,0.00121660476875,273025872,526157192,17296554496.0,334425600.0,302266656.0,993146.75,0.40967136
1987,2,631739241,False,0.163841009140015,8960,5220,5850,3.91546787442917e-05,0.000516464468091726,0.15778985619545,305.519287109375,7.14827396240234e-06,273025872,607344842,1958685440.0,11298600.0,1782804.5,5835.32568359375,0.013840785
1988,3,631740256,False,0.401464700698853,5140,6330,6380,0.0054377558649598,0.00972868302553169,3.43348519935078,352.923945650201,0.0009927439046875,273025872,263,13001447936.0,83300400.0,286010690.5,810403.1875,0.10204299
1989,1,631739315,False,0.0,0,0,0,0.0,0.0,0.0,0.0,0.0,273025872,1094,25337868288.0,122770800.0,0.0,0.0,0.15039423
1990,1,631739614,False,0.161079630255699,8000,1950,5010,2.70267967475783e-05,5.33184447704116e-06,0.00217257323674858,407.471221923828,4.93414717407226e-06,273025872,687,164471832576.0,755437504.0,1641243.25,4027.87524414062,0.9254109424
1991,2,631738397,False,0.102724738419056,6030,3320,5880,0.000133354439468625,3.05420289805625e-05,0.00969837792217731,317.542022705078,2.43458533691406e-05,273025872,108,22270830592.0,650715328.0,6310883.0,19874.166015625,0.7971262768
1992,1,631739494,False,0.0,0,0,0,0.0,0.0,0.0,0.0,0.0,273025872,869,2880491264.0,16487100.0,0.0,0.0,0.0201966975
1993,3,631740485,False,0.160120025277138,7320,2520,10100,8.19421341304319e-05,4.14501271729163e-05,0.0172156908501548,415.335055024961,1.49597657958984e-05,273025872,600,58494539776.0,294620416.0,5072094.0,12212.0537109375,0.3609100096
1994,1,631739913,False,0.373229652643204,12210,7250,5650,0.000455494556058543,0.00226457440294325,0.890060126781464,393.036376953125,8.31573640625e-05,273025872,230,260753040.0,29976300.0,26680710.0,67883.5625,0.0367209675
1995,1,631739217,False,0.100987300276756,8460,5650,5420,3.60382626976543e-05,0.000192467326996848,0.0526194609701633,273.394256591797,6.57932546386719e-06,273025872,607344846,3711040512.0,27905400.0,1468367.125,5370.8779296875,0.034184115
1996,3,631740310,False,0.529391765594482,8000,5980,5730,0.0329934269898642,0.00537840964320442,2.28192864639383,424.275724196097,0.00602344502996216,273025872,331,141381100160.0,914228984.0,2086205307.95312,4917097.98364258,1.1199305054
1997,3,631740542,False,0.243338420987129,8440,5470,6300,0.00024016933867067,0.00125291670739694,0.338009059806845,269.777757620532,4.38465155441284e-05,273025872,673,819861728.0,28567800.0,9656175.21875,35793.0739135742,0.034995555
1998,2,631739232,False,0.495388716459274,2110,3320,6690,0.00667205866459986,0.00338890868810461,0.931817618699014,274.960969579907,0.00121808439648437,273025872,151,6686283264.0,293414400.0,273408707.5,994354.609375,0.35943264
1999,1,631738466,False,0.0,0,0,0,0.0,0.0,0.0,0.0,0.0,273025872,312782644,30380331008.0,173325600.0,0.0,0.0,0.21232386
2000,1,631739501,False,0.0,0,0,0,0.0,0.0,0.0,0.0,0.0,273025872,857,44314443776.0,240640192.0,0.0,0.0,0.2947842352
2001,1,631739674,False,0.39688840508461,10550,4920,5620,0.000339083406872473,0.00103759486228228,1.16010022163391,1118.06677246094,6.19047625e-05,273025872,604,10396070912.0,48703500.0,56500944.0,50534.5,0.0596617875
2002,1,631739891,False,0.0,0,0,0,0.0,0.0,0.0,0.0,0.0,273025872,257,12920823808.0,68388304.0,0.0,0.0,0.0837756724
2003,3,631740348,False,0.373229652643204,12210,7250,5650,0.000793041444260947,0.000587472219463143,0.219388824519441,373.445445164927,0.000144781612030029,273025872,379,8412995664.0,201182400.0,44137170.25,118189.071044922,0.24644844
2004,2,631738421,False,0.100050292909145,10220,2680,5920,9.52170470895046e-05,7.78133617131971e-05,0.0344262607395649,442.420959472656,1.73833002929687e-05,273025872,140,9220973568.0,182365200.0,6278152.0,14190.44921875,0.22339737
2005,2,631739278,False,0.194634884595871,9050,3780,9940,0.00077289919880309,0.000138305913424119,0.0390572398900986,282.397491455078,0.00014110434296875,273025872,484682520,22682880000.0,832843776.0,32528580.0,115187.21875,1.0202336256
2006,3,631740787,False,0.299152761697769,6830,1020,8970,0.00389279083652171,0.000767855121346129,0.271785913111542,353.954679152329,0.000710687362792969,273025872,981,90101723136.0,755550016.0,205347851.0,580152.94921875,0.9255487696
2007,2,631739053,False,0.710138022899628,9160,3530,10310,0.0130138920900909,0.00813509337604046,3.15275168418884,387.549560546875,0.002375881221875,273025872,988,49440178176.0,238410896.0,751650368.0,1939494.875,0.2920533476
2008,2,631738428,False,0.394132107496262,7360,3810,5760,0.00625308012019853,0.00465915119275451,1.66646993160248,357.676727294922,0.001141593578125,273025872,149,26480805888.0,200017792.0,333323648.0,931913.125,0.2450217952
2009,3,631740904,False,0.159102261066437,6270,1440,7770,0.000251422642137664,7.49802542834106e-05,0.0304169948679259,405.66673397713,4.59009749023437e-05,273025872,1128,106763800576.0,499734016.0,15200407.0,37470.18359375,0.6121741696
2010,3,631740325,False,0.768908500671387,9400,4200,6930,0.0120146052472169,0.00109147717937036,0.399791864879738,366.285133978124,0.0021934464184499,273025872,348,183701050272.0,1640500176.0,655858624.698578,1790568.50485706,2.0096127156
2011,2,631738683,False,0.480468422174454,7990,5620,6210,0.0177777666954011,0.0231142435222864,10.1214838027954,437.889495849609,0.00324559799375,273025872,525,21274146816.0,114624896.0,1160174080.0,2649467.75,0.1404154976
2012,3,631740645,False,0.359038382768631,4110,2860,6570,0.000633046773259537,0.001689075093813,0.380660772918837,225.36639982034,0.000115572184765625,273025872,819,3729481344.0,55855800.0,21262112.0,94344.640625,0.068423355
2013,2,631738995,False,0.18025030195713,6610,1230,8080,0.000134946555945337,0.000237812477280386,0.100146017968655,421.113372802734,2.46365181152344e-05,273025872,182305701,17087986688.0,84568496.0,8469198.0,20111.443359375,0.1035964076
2014,1,631739667,False,0.240087985992432,9380,4990,3560,0.000270704280596884,0.000123866848298348,0.0336310155689716,271.509399414062,4.94211272460937e-05,273025872,612,30893662208.0,325702784.0,10953715.0,40343.77734375,0.3989859104
2015,1,631739699,False,0.0,0,0,0,0.0,0.0,0.0,0.0,0.0,273025872,573,16687282176.0,80587800.0,0.0,0.0,0.098720055
2016,1,631739527,False,0.272972583770752,7040,5390,5210,0.00132933946551956,0.000536320110585768,0.176030025179908,328.218207196534,0.000242690860794067,273025872,824,15892557216.0,369396904.0,65024946.3125,198114.98840332,0.4525112074
2017,3,631740793,False,0.550862908363342,9790,5930,6490,0.0228898607416715,0.000654103269678626,0.286406454470805,437.861218170523,0.00417888744819698,273025872,987,440018805376.0,5215287632.0,1493692039.72656,3411336.6924057,6.3887273492
2018,3,631740321,False,0.999758660793304,6490,5150,7030,3.33060479360938,0.00461028002943193,2.36438844956569,512.851374422266,0.608051867330958,273025872,343,12285761025928.0,107665666320.0,254563457861.802,496368871.290578,131.890441242
2019,2,631738836,False,0.25403219461441,9770,1900,9020,9.67363633503222e-05,3.1297626264859e-05,0.0153564987704158,490.66015625,1.76606742675781e-05,273025872,721,103682187264.0,460638016.0,7073787.0,14416.876953125,0.5642815696
2020,1,631739565,False,0.0,0,0,0,0.0,0.0,0.0,0.0,0.0,273025872,765,2184997120.0,25673400.0,0.0,0.0,0.031449915
2021,3,631740595,False,0.0,0,0,0,0.0,0.0,0.0,0.0,0.0,273025872,744,102013536.0,60242400.0,0.0,0.0,0.07379694
2022,2,631739034,False,0.399499446153641,8100,1700,6650,0.0014556962897538,0.000353088544216007,0.0857984945178032,242.994277954102,0.00026575919453125,273025872,971,12195677184.0,614424576.0,52716704.0,216946.28125,0.7526701056
2023,1,631739772,False,0.376807451248169,6390,6030,4840,0.000176895730933705,0.000217288834392093,0.0795131474733353,365.932983398438,3.22949692871094e-05,273025872,436,6952467968.0,121328096.0,9647179.0,26363.240234375,0.1486269176
2024,1,631739708,False,0.0515022203326225,3830,3750,5500,2.6803433267896e-06,6.29761007076013e-06,0.00314598227851093,499.5517578125,4.89336882019043e-07,273025872,556,5104182784.0,63430200.0,199550.28125,399.458679199219,0.077701995
2025,3,631740333,False,0.240196228027344,10660,4840,6380,0.000402028766970829,0.00141007968930922,0.985422715034784,698.841861567082,7.33963822265625e-05,273025872,358,8050907136.0,42490800.0,41871399.5,59915.4140625,0.05205123
2026,3,631740735,False,0.18194092810154,6100,1150,8540,0.000108862474486699,5.43832378905069e-05,0.0201019524846821,369.63507993317,1.98744777587891e-05,273025872,182305697,49527367680.0,298328384.0,5996983.0,16224.0634765625,0.3654522704
2027,3,631740809,False,0.32126784324646,6550,440,7390,0.00487281790703922,0.00392384201287579,1.48081173139683,377.388214545249,0.000889606005859375,273025872,1006,29926733824.0,185076000.0,274062712.0,726208.984375,0.2267181
2028,3,631740163,False,0.360081434249878,9730,2780,9430,0.00828215473709786,0.000959883961927588,0.340371261708687,354.596258723993,0.0015120315875,273025872,139,228110557184.0,1285896576.0,437682240.0,1234311.5,1.5752233056
2029,1,631739338,False,0.0,0,0,0,0.0,0.0,0.0,0.0,0.0,273025872,1062,4294802688.0,65949300.0,0.0,0.0,0.0807878925
2030,3,631740209,False,0.30269268155098,9540,2430,9640,0.00328965825516119,0.00141429338770499,0.547277493918959,386.961785069957,0.0006005764625,273025872,312782644,65902227456.0,346651200.0,189714400.0,490266.5,0.42464772
2031,1,631739720,False,0.0480844229459763,9850,4840,4390,4.09292388853659e-06,5.22153140991577e-06,0.00242526433430612,464.473754882812,7.47224653625488e-07,273025872,534,15722979328.0,116820000.0,283319.375,609.979309082031,0.1431045
2032,1,631738537,False,0.118124201893806,6800,400,3960,5.55207865050894e-05,7.67191231716424e-05,0.023258276283741,303.161407470703,1.01361524414062e-05,273025872,312782550,18757996544.0,107853296.0,2508481.75,8274.41015625,0.1321202876
2033,3,631740644,False,0.653778076171875,5850,4950,7350,0.0573993208548126,0.00478016902076909,1.77432967957599,371.185552616822,0.0104791070667603,273025872,818,181126091264.0,1789554528.0,3175259712.25,8554373.11572266,2.1922042968
2034,2,631738916,False,0.0,0,0,0,0.0,0.0,0.0,0.0,0.0,273025872,838,48213229568.0,288421184.0,0.0,0.0,0.3533159504
2035,1,631739291,False,0.0,0,0,0,0.0,0.0,0.0,0.0,0.0,273025872,1127,48187887616.0,315718208.0,0.0,0.0,0.3867548048
2036,2,631738506,False,0.162300497293472,7170,3080,9850,0.000344936518019676,0.000332989409798756,0.145487815141678,436.914215087891,6.29733357421875e-05,273025872,252,39377879040.0,154379696.0,22460364.0,51406.8046875,0.1891151276
2037,1,631739843,False,0.0258618481457233,2730,4130,3200,3.42969758100698e-06,1.22727738016692e-06,0.000336838827934116,274.460235595703,6.26142742156982e-07,273025872,328,39642144768.0,416480384.0,140286.765625,511.136932373047,0.5101884704
2038,1,631739429,False,0.0,0,0,0,0.0,0.0,0.0,0.0,0.0,273025872,951,142843314176.0,561608128.0,0.0,0.0,0.6879699568
2039,1,631740040,False,0.209622487425804,9830,2220,5170,0.000260519903895729,0.000261223234701902,0.0950346514582634,363.806274414062,4.75618165039062e-05,273025872,42,19538069504.0,148631392.0,14125132.0,38825.97265625,0.1820734552
2040,3,631740250,False,0.268837124109268,9080,2480,9360,0.00050104633917445,0.00104568945386895,0.381524949026461,364.854926684836,9.1473525390625e-05,273025872,312782594,12532533248.0,71409600.0,27244544.0,74672.265625,0.08747676
2041,3,631740839,False,0.247963815927505,9480,5000,6190,0.000321140283683347,0.000105601159910785,0.0306110442559261,289.874129051112,5.86289761978149e-05,273025872,1043,8453682432.0,453218400.0,13873488.5,47860.3887329102,0.55519254
2042,2,631738454,False,0.347879409790039,4490,4360,9230,0.00711637750290755,0.00432193325832486,1.34511387348175,311.229675292969,0.001299201465625,273025872,187,38007283712.0,245393104.0,330081664.0,1060572.625,0.3006065524
2043,3,631740089,False,0.14345195889473,7730,3580,3000,0.000149067655104205,0.00036077735948208,0.115199434051122,319.308933954444,2.72145365966797e-05,273025872,27,4261831552.0,61578000.0,7093750.75,22215.9482421875,0.07543305
2044,1,631739504,False,0.0,0,0,0,0.0,0.0,0.0,0.0,0.0,273025872,852,51853623296.0,1003776320.0,0.0,0.0,1.229625992
2045,3,631740764,False,0.317740112543106,8740,6170,4140,0.0010003551561609,1.6892016364675e-05,0.00499223026411504,295.537853879595,0.000182629840041336,273025872,960,174120020904.0,8825801520.0,44060433.4532166,149085.583707213,10.811606862
2046,1,631739469,False,0.0,0,0,0,0.0,0.0,0.0,0.0,0.0,273025872,906,25197774848.0,185507104.0,0.0,0.0,0.2272462024
2047,3,631740878,False,0.148865237832069,5870,1370,7760,7.87615837801882e-05,4.78047216909986e-05,0.018895889739254,395.27245575016,1.43791086181641e-05,273025872,1094,51329660928.0,245541600.0,4639727.0,11738.0478515625,0.30078846
2048,1,631739798,False,0.188378512859344,5920,6790,4310,2.52449000680954e-05,0.000178091824636795,0.0592974238097668,332.959838867188,4.60883520507812e-06,273025872,390,2271045376.0,21125700.0,1252699.625,3762.314453125,0.0258789825
2049,2,631739031,False,0.0,0,0,0,0.0,0.0,0.0,0.0,0.0,273025872,968,149755904000.0,683594112.0,0.0,0.0,0.8374027872
2050,3,631740453,False,0.410125017166138,7540,6410,4460,0.00216034944710442,0.00249279646297787,0.849149729941498,340.641421212189,0.000394404198876953,273025872,557,16213288192.0,129157200.0,109673801.5,321962.611328125,0.15821757
2051,3,631740881,False,0.992675125598907,6470,5200,6960,1.24259580183211,0.0136160689791082,6.72958625140624,494.238554588097,0.22685450375,273025872,1097,2159713104288.0,13600647168.0,91526728192.0,185187350.0,16.6607927808
2052,2,631738451,False,0.89247864484787,7110,5000,5850,0.0700419319585144,0.0559666641056538,37.2552947998047,665.669372558594,0.012787205375,273025872,181,56719898624.0,186513440.0,6948613120.0,10438535.0,0.228478964
2053,3,631740807,False,0.429435640573502,7460,6520,6140,0.00645310937456985,0.00547929049480843,2.02113842330548,368.868638233451,0.00117811191914062,273025872,1004,28254931968.0,175519808.0,354749828.0,961724.015625,0.2150117648
2054,1,631739284,False,0.0,0,0,0,0.0,0.0,0.0,0.0,0.0,273025872,599626927,4551812096.0,21612600.0,0.0,0.0,0.026475435
2055,3,631740638,False,0.4749935567379,5610,5160,6720,0.0101824448612584,0.00125041324590354,0.543992094136878,435.049849255071,0.00185895805583496,273025872,809,222982636448.0,1213612208.0,660195446.5,1517516.78027344,1.4866749548
2056,3,631740345,False,0.258804053068161,6190,2440,5260,0.00529990280298727,5.18350476615165e-05,0.0244814685619599,472.295669945636,0.000967576760296631,273025872,375,3850054381568.0,15237925216.0,373046787.125,789858.579833984,18.6664583896
2057,1,631739239,False,0.227990329265594,8410,4130,5600,0.000271556259361112,0.00549859367311001,2.49347138404846,453.474365234375,4.957666875e-05,273025872,549009211,1616141056.0,7360200.0,18352448.0,40470.75,0.009016245
2058,2,631738664,False,0.186680465936661,7140,2740,5850,0.000433967945037104,0.000449095357907936,0.150106176733971,334.2412109375,7.92273583007812e-05,273025872,483,12612191232.0,144012608.0,21617182.0,64675.39453125,0.1764154448
2059,1,631739670,False,0.407995134592056,7610,3870,5470,0.00478982403585639,0.0119606079533696,4.95524787902832,414.297332763672,0.0008744542296875,273025872,609,11763935232.0,59682600.0,295742080.0,713840.1875,0.073111185
2060,3,631740398,False,0.692408740520477,6910,3510,10550,0.113913418338681,0.000566115998802415,0.210663882037226,372.121407066526,0.0207966033279574,273025872,453,5128075417920.0,29988234000.0,6317437789.88074,16976819.0432305,36.73558665
2061,1,631739228,False,0.0,0,0,0,0.0,0.0,0.0,0.0,0.0,273025872,151,4643513472.0,293414400.0,0.0,0.0,0.35943264
2062,3,631740462,False,0.89247864484787,7110,5000,5850,0.146577058571375,0.0205484411803453,12.0041231004987,584.18655678761,0.0267598408382812,273025872,571,221121705960.0,1063086384.0,12761419820.0,21844768.03125,1.3022808204
2063,2,631738833,False,0.583056926727295,2700,3360,5700,0.126989383219846,0.00712310580684408,2.27994125568726,320.076848149107,0.0231838168689941,273025872,714,174753980852.0,2656925968.0,6057635127.75,18925564.7910156,3.2547343108
2064,1,631740004,False,0.0,0,0,0,0.0,0.0,0.0,0.0,0.0,273025872,105,5895804928.0,87846304.0,0.0,0.0,0.1076117224
2065,3,631740264,True,0.499297112226486,6320,1090,6370,0.00130520735295494,0.12474364254761,72.9832525155376,585.065908169892,0.000238285181640625,273025872,274,389908832.0,1559346.125,113806152.0,194518.515625,0.001910199003125
2066,2,631739157,False,0.0,0,0,0,0.0,0.0,0.0,0.0,0.0,273025872,1114,11952534528.0,46868400.0,0.0,0.0,0.05741379
2067,1,631740034,False,0.031993392854929,8900,5590,1580,6.1970807001228e-06,1.55827433445666e-06,0.000472435378469527,303.178588867188,1.13137004394531e-06,273025872,52,102714818560.0,592686016.0,280005.84375,923.5673828125,0.7260403696
2068,1,631739781,False,0.303359776735306,7910,4320,4570,0.000441320806158477,0.00108331174124032,0.377834737300873,348.777496337891,8.05697333984375e-05,273025872,422,8521987584.0,60713100.0,22939518.0,65771.2109375,0.0743735475
2069,3,631740783,False,0.337506264448166,7920,4390,9930,0.0162346266917091,0.00692127885489243,2.31249606376481,334.113985615561,0.0029638746375,273025872,977,64239208448.0,349572608.0,808385280.0,2419489.5,0.4282264448
2070,2,631739102,False,0.140913709998131,8050,1030,7060,0.000157970977349235,0.000377416028641164,0.137280657887459,363.73828125,2.88399716308594e-05,273025872,1046,11844760576.0,62379000.0,8563430.0,23542.833984375,0.076414275
2071,2,631738461,False,0.0127241229638457,12950,7500,5970,7.06472219981902e-07,3.47397281075246e-06,0.0011871971655637,341.740478515625,1.28977101516724e-07,273025872,198,96141208.0,30307500.0,35980.9765625,105.28742980957,0.0371266875
2072,2,631739118,False,0.0,0,0,0,0.0,0.0,0.0,0.0,0.0,273025872,1066,16990539776.0,93128400.0,0.0,0.0,0.11408229
2073,3,631740556,False,0.419640809297562,5250,6710,6410,0.00229911165173708,0.00581900350417095,1.87962169304082,323.01436005212,0.000419737320898437,273025872,689,5641523200.0,58883400.0,110678516.0,342642.7109375,0.072132165
2074,1,631739871,False,0.0,0,0,0,0.0,0.0,0.0,0.0,0.0,273025872,288,17502287872.0,235492192.0,0.0,0.0,0.2884779352
2075,3,631740405,False,0.693818509578705,7110,5620,6230,0.393268252822088,0.0171637730068459,8.96196115397148,522.144003558944,0.0717970189526184,273025872,467,639523794560.0,3414739368.0,30602761566.9531,58609811.3898926,4.1830557258
2076,2,631738499,False,0.275783956050873,7910,2250,9310,0.000571558151378633,0.00621440354734659,2.0890486240387,336.162353515625,0.000104346514453125,273025872,243,1627554304.0,13707000.0,28634588.0,85180.828125,0.016791075
2077,1,631739470,False,0.0,0,0,0,0.0,0.0,0.0,0.0,0.0,273025872,905,15248603136.0,89691296.0,0.0,0.0,0.1098718376
2078,1,631739960,False,0.0,0,0,0,0.0,0.0,0.0,0.0,0.0,273025872,163,71239688192.0,361639808.0,0.0,0.0,0.4430087648
2079,3,631740131,False,0.0245862044394016,11580,5340,8090,1.09802882494249e-06,2.97003927079786e-07,0.000185370388367806,624.134469164808,2.0046163347587e-07,273025872,96,72000737280.0,550976384.0,102134.706283569,163.64214977622,0.6749460704
2080,3,631740477,False,0.132259950041771,9150,4150,5780,0.00012988441160825,0.000258581783135727,0.0888095474255394,343.448584616358,2.37123477294922e-05,273025872,591,5873035776.0,74858400.0,6648140.625,19357.0185546875,0.09170154
2081,2,631738635,False,0.338652670383453,7670,6290,6500,0.00183536497169231,0.00225445977412164,0.794663310050964,352.485015869141,0.0003350734078125,273025872,436,5976449536.0,121328096.0,96414984.0,273529.3125,0.1486269176
2082,2,631738371,False,0.657025456428528,6530,5580,6430,0.0273708421935765,0.0693863853812218,35.1864013671875,507.108123779297,0.00499695783125,273025872,63,15534864384.0,58788900.0,2068569728.0,4079149.25,0.0720164025
2083,3,631740637,False,0.692408740520477,6910,3510,10550,0.00150569001252979,0.000116170917493746,0.0514012908128355,442.462639718779,0.000274886298577666,273025872,806,362074357760.0,1931610624.0,99287279.4213867,224396.978430748,2.3662230144
2084,3,631740937,False,0.126172050833702,6890,1650,7910,9.78283403780379e-05,0.000659430703117226,0.173805440219997,263.568923009488,1.78600310546875e-05,273025872,182305713,974946752.0,22109400.0,3842734.0,14579.6171875,0.027084015
2085,3,631740265,False,0.824735879898071,6500,1190,6430,0.00583649144110233,0.00128016532430374,0.468038692064555,365.608006387076,0.00106553906552734,273025872,274,76747347616.0,679465216.0,318016011.0,869827.80859375,0.8323448896
2086,1,631739620,False,0.236665487289429,5740,4920,950,0.000268322435765574,3.78215547156168e-05,0.0115147897481474,304.450460451138,4.89862857421875e-05,273025872,677,227071592192.0,1057301980.0,12174610.0,39988.8046875,1.2951949255
2087,2,631738602,False,0.0,0,0,0,0.0,0.0,0.0,0.0,0.0,273025872,380,44875476.0,10040400.0,0.0,0.0,0.01229949
2088,3,631740574,True,1.0,7270,4930,6090,0.0163938317342842,0.578940755409347,1201.39300105281,2075.1570688841,0.00299293990625,273025872,709,6430897664.0,4220149.0,5070057472.0,2443216.25,0.005169682525
2089,1,631739318,False,0.128597661852837,10220,4260,3630,4.47845042248244e-05,2.20523202187906e-06,0.00205975188873708,934.029541015625,8.17608305664062e-06,273025872,1091,647101612032.0,3026599168.0,6234043.5,6674.353515625,3.7075839808
2090,3,631740656,False,0.306339353322983,8130,3220,5830,0.00096888739903016,0.000766254270406332,0.265511131828636,346.505255609003,0.000176884928930664,273025872,832,3649636736.0,188443792.0,50033924.5,144395.860351562,0.2308436452
2091,2,631738732,False,0.325813800096512,7740,4520,6070,0.00205794622583251,0.00406604260206223,1.53720819950104,378.060028076172,0.0003757089546875,273025872,595,3141982208.0,75429904.0,115951464.0,306701.1875,0.0924016324
2092,1,631739797,False,0.0,0,0,0,0.0,0.0,0.0,0.0,0.0,273025872,393,348697312.0,3960900.0,0.0,0.0,0.0048521025
2093,1,631739657,False,0.691186666488647,6840,5820,3210,0.0196274292424777,0.000119651941427473,0.0408092730613581,341.066534938712,0.00358328163842621,273025872,623,3798119797888.0,24446973724.0,997663226.226562,2925127.86810303,29.9475428119
2094,2,631738705,False,0.253535091876984,5190,1800,9280,0.000804139992800057,0.000658671546261758,0.205151572823524,311.462615966797,0.000146807818554687,273025872,558,14531939328.0,181946704.0,37326652.0,119843.1171875,0.2228847124
2095,2,631738884,False,0.665320813655853,8960,3100,6170,0.367710126520922,0.025944821536541,10.5809183120728,407.823913574219,0.0671309996,273025872,795,369241879040.0,2112206336.0,22349082624.0,54800816.0,2.5874527616
2096,2,631738357,False,0.373764008283615,9550,2200,5960,0.00397124042780151,0.00398196140304208,1.30779194831848,328.429077148438,0.0007250095125,273025872,42,18008186880.0,148631392.0,194378944.0,591844.5,0.1820734552
2097,1,631739568,False,0.0,0,0,0,0.0,0.0,0.0,0.0,0.0,273025872,759,7070312448.0,33389100.0,0.0,0.0,0.0409016475
2098,2,631738696,False,0.141253173351288,9030,6170,9200,7.87274967664094e-05,2.07683260669e-05,0.00783767458051443,377.385986328125,1.43728855224609e-05,273025872,543,76199747584.0,564945280.0,4427857.5,11732.9677734375,0.692057968
2099,2,631739004,False,0.375670820474625,4940,1120,6750,0.00231269744324185,0.000207608303753659,0.0747601240873337,360.101806640625,0.0004222176109375,273025872,943,222529601536.0,1660181376.0,124115368.0,344667.4375,2.0337221856
2100,2,631739047,False,0.679405927658081,6160,1960,6900,0.111504049482594,0.00266351243695205,0.708466388411326,265.989517669401,0.0203567369004414,273025872,983,163704690808.0,6239033908.0,4420145819.97656,16617744.4085236,7.6428165373
2101,2,631738892,False,0.255401402711868,8490,340,7490,0.000259929193377058,0.000451530591817573,0.17116804420948,379.084045410156,4.74539734375e-05,273025872,805,11614383104.0,85792496.0,14684934.0,38737.9375,0.1050958076
2102,3,631740189,False,0.497410774230957,5960,6860,6320,0.00728156099619147,0.00802080181778912,2.52569245589732,314.892764249037,0.00132935819023437,273025872,173,16281087488.0,135296992.0,341718592.0,1085190.359375,0.1657388152
2103,1,631739626,False,0.259001880884171,9640,2590,1190,0.00116644395082098,2.86827840246806e-05,0.0103214630162156,359.848716475161,0.000212951840997314,273025872,669,1080800766560.0,6060717028.0,62555466.65625,173838.237548828,7.4243783593
2104,2,631738724,False,0.488214105367661,3660,4200,7660,0.0244996660521815,0.0147327575832605,4.45099592208862,302.115600585938,0.00447278155625,273025872,583,32287322112.0,247832096.0,1103099648.0,3651250.25,0.3035943176
2105,3,631740576,False,0.069154180586338,12740,5200,6310,3.67530391018038e-06,1.82694840573657e-06,0.000969866106807934,530.866719477452,6.70981861877441e-07,273025872,711,14269275136.0,299811584.0,290777.09375,547.740295410156,0.3672691904
2106,2,631738963,False,0.071652926504612,5270,5430,5870,1.47982886018657e-05,6.44756846668315e-06,0.0027324459515512,423.794799804688,2.70164957275391e-06,273025872,900,2432061440.0,342055808.0,934649.0,2205.42822265625,0.4190183648
2107,2,631739065,False,0.586288809776306,6270,5290,7220,0.011697378398894,0.00315284864333145,1.00877250673255,319.955894129645,0.00213553189858242,273025872,1000,13720279652.1279,552925796.0,557776341.268013,1743291.34578156,0.6773341001
2108,1,631739594,False,0.60417652130127,2510,3340,5680,0.00899090747626405,0.000504319208654647,0.129789258981223,257.355374837806,0.00164142503200378,273025872,714,196476468024.0,2656925968.0,344840452.554688,1339938.80163574,3.2547343108
2109,2,631738788,False,0.499548375606537,5360,4700,9260,0.00179790946374761,0.0151341566815972,4.6944785118103,310.190948486328,0.00032823534296875,273025872,662,1923291904.0,17704800.0,83114800.0,267947.21875,0.02168838
2110,2,631738361,False,0.627866685390472,4030,2750,6170,0.0123966731190894,0.00170459956414909,0.628875708423017,368.928704224409,0.00226319863984375,273025872,48,177087274496.0,1083837596.0,681599136.0,1847509.09375,1.3277010551
2111,2,631738697,False,0.437081634998322,6250,6100,8500,0.00811408754273286,0.00868761539459229,3.65355014801025,420.546936035156,0.0014813484,273025872,544,33108572160.0,139194000.0,508552256.0,1209264.0,0.17051265
2112,1,631739421,False,0.126567542552948,8020,3360,550,7.57562912674161e-05,8.79367944435216e-05,0.0251439865678549,285.932495117188,1.38304473876953e-05,273025872,959,23039905792.0,128389504.0,3228224.0,11290.1611328125,0.1572771424
2113,3,631740133,False,0.508029758930206,6010,2430,7630,0.00341260907853862,0.00414041358938288,2.25684514912615,545.077224872727,0.0006230229796875,273025872,98,9712140800.0,122835600.0,277220928.0,508590.1875,0.15047361
2114,2,631738742,False,0.284485995769501,3320,5780,5880,0.00125646090502749,0.000579853833187371,0.214332848787308,369.632537841797,0.000229385786328125,273025872,605,15634926592.0,322932608.0,69215064.0,187253.703125,0.3955924448
2115,1,631739717,False,0.528917729854584,9530,3390,910,7.34072753363431e-05,0.000109873602923471,0.0370171740651131,336.906890869141,1.34015992919922e-05,273025872,540,15162978304.0,99569696.0,3685788.75,10940.0810546875,0.1219728776
2116,2,631738650,False,0.692408740520477,6910,3510,10550,0.111522072701686,0.00110846343647282,0.414903549439799,374.305128872847,0.0203600273094521,273025872,453,2559061314816.0,14994117000.0,6221112364.01562,16620430.4566956,18.367793325
2117,1,631739285,False,0.0,0,0,0,0.0,0.0,0.0,0.0,0.0,273025872,599626923,617068480.0,6515100.0,0.0,0.0,0.0079809975
2118,2,631738431,False,0.138327211141586,11030,4930,5810,9.18793570473292e-05,0.000111042375489245,0.0578532866927535,521.001882730408,1.67739549072266e-05,273025872,154,15348298752.0,123313504.0,7134091.5,13693.0244140625,0.1510590424
2119,3,631740495,False,0.169603779911995,7570,2580,5860,0.000122606122791735,0.000424828900907526,0.150535644224733,354.344169860282,2.23835869247436e-05,273025872,611,2106368000.0,43011000.0,6474688.59375,18272.3158569336,0.052688475
2120,1,631738476,False,0.259001880884171,9640,2590,1190,0.000335039567841472,0.000444471457740292,0.162092372775078,364.685638427734,6.11664990234375e-05,273025872,312782632,11502515200.0,112339800.0,18209424.0,49931.8359375,0.137616255
2121,1,631739818,False,0.0947497338056564,10630,4660,5040,4.75276504336301e-05,0.000333397911163047,0.298705190420151,895.942016601562,8.676885546875e-06,273025872,358,4192228352.0,21245400.0,6346111.5,7083.171875,0.026025615
2122,2,631739063,False,0.999758660793304,6490,5150,7030,6.13770113071729,0.00402567023411393,1.85290789604187,460.273132324219,1.1205294128,273025872,997,30727076640547.2,227221258240.0,421020073984.0,914717888.0,278.346041344
2123,2,631739969,False,0.0,0,0,0,0.0,0.0,0.0,0.0,0.0,273025872,589508455,1203747840.0,38315700.0,0.0,0.0,0.0469367325
2124,3,631740803,False,0.999758660793304,6490,5150,7030,6.59334672414529,0.00216013099010658,0.985905219494158,456.40992329151,1.203714351,273025872,997,60970874071195.9,454890913792.0,448479326208.0,982623960.0,557.2413693952
2125,1,631739929,False,0.221606910228729,7950,6150,4580,0.000259089507430563,0.00110797758679837,0.419516831636429,378.632965087891,4.7300676171875e-05,273025872,210,4208066560.0,34849800.0,14620078.0,38612.796875,0.042691005
2126,3,631740124,False,0.508029758930206,6010,2430,7630,0.00873615884798031,0.00039084975453765,0.187446927383962,479.588192669327,0.0015949168484375,273025872,81,119658932736.0,3331134080.0,624410848.0,1301972.9375,4.080639248
2127,3,631740105,False,0.51816713809967,7690,3410,6120,0.0273789593324639,0.0265587174649836,10.315849618817,388.416708465609,0.00499843973671875,273025872,50,22859768832.0,153635392.0,1584879600.0,4080358.96875,0.1882033552
2128,1,631739328,False,0.0618546940386295,8650,3950,3130,3.20609857362354e-05,3.84094964829274e-05,0.00990191102027893,257.798492431641,5.85321389160156e-06,273025872,1079,15869416448.0,124399800.0,1231795.75,4778.1337890625,0.152389755
2129,3,631740619,False,0.153608381748199,8650,6390,3160,0.000159393936528619,2.73047293822006e-05,0.0102009832175597,373.597667816827,2.90997541748047e-05,273025872,780,150048063488.0,869992192.0,8874775.75,23754.9013671875,1.0657404352
2130,3,631740660,False,0.0,0,0,0,0.0,0.0,0.0,0.0,0.0,273025872,838,99780558848.0,576842368.0,0.0,0.0,0.7066319008
2131,2,631738784,False,0.505523860454559,2590,1880,6090,0.0532160522915117,0.00759528111666441,2.27973914146423,300.152038574219,0.0097153886375,273025872,656,67417849856.0,1044191680.0,2380484608.0,7930929.5,1.279134808
2132,1,631739292,False,0.134921073913574,7490,6660,5470,9.37282400820806e-05,0.000869357027113438,0.33291819691658,382.947570800781,1.71114962402344e-05,273025872,1126,1598211712.0,16067700.0,5349229.5,13968.568359375,0.0196829325
2133,3,631740682,False,0.993378639221191,7220,4940,5930,0.386758429843953,0.00970939039174586,6.42506366522548,661.737081937456,0.0706085531143886,273025872,864,1017549439744.0,5936483432.0,38142283998.1562,57639635.1954193,7.2721922042
2134,3,631740715,True,0.636184692382812,7070,4730,6110,0.00155826672217866,0.13068478251771,145.611772020574,1114.22132872158,0.000284484965625,273025872,907,909887744.0,1777044.125,258758544.0,232232.625,0.002176879053125
2135,1,631739990,False,0.237278327345848,7630,4600,3000,9.95343030249522e-05,4.72720676043537e-05,0.0143252229318023,303.037780761719,1.81714801269531e-05,273025872,125,2679374592.0,313797600.0,4495220.5,14833.861328125,0.38440206
2136,3,631740341,False,0.293736338615417,6440,660,8050,0.00842735735600555,0.000370212398394351,0.122251062405941,330.218714813864,0.00153854050375977,273025872,369,507954541440.0,3392515856.0,414738667.625,1255951.43164062,4.1558319236
2137,2,631738956,False,0.250722914934158,6020,3770,9390,0.00120260221756488,0.00191448698751628,0.576795101165771,301.279174804688,0.000219553075,273025872,893,7782078464.0,93616200.0,53997364.0,179227.0,0.114679845
2138,1,631739968,False,0.511517822742462,11060,4970,5480,0.000626150109350637,0.000756744472203142,0.710862096660557,939.36873379596,0.0001143130953125,273025872,154,16879646208.0,123313504.0,87658896.0,93316.8125,0.1510590424
2139,3,631740708,False,0.293556600809097,9210,6310,3630,0.000665957934669615,4.63818467919417e-05,0.0138511888939008,298.633837415618,0.000121580610979935,273025872,901,2062980788.0,2139834552.0,29639252.5814476,99249.4783509672,2.6212973262
2140,1,631739633,False,0.452588975429535,9340,5120,3520,0.00161911402068152,0.000642086146399379,0.183824732899666,286.29296875,0.000295593552734375,273025872,658,10277125120.0,375807616.0,69082736.0,241300.859375,0.4603643296
2141,3,631740537,False,0.368222653865814,9700,2970,10320,0.0235413166355679,0.000289439754151653,0.110782932711568,382.749539835232,0.00429782049408929,273025872,669,2196258506720.0,12121434056.0,1342848013.39355,3508424.89313412,14.8487567186
2142,1,631739373,False,0.196415975689888,710,5970,4300,0.0010283799123812,8.20462009869516e-05,0.022436261177063,273.458862304688,0.0001877461796875,273025872,1016,57169231872.0,1867998592.0,41910904.0,153262.1875,2.2882982752
2143,1,631739925,False,0.0910272523760796,8070,3260,4060,3.65007275434746e-05,9.47352418734226e-06,0.00314728496596217,332.219024658203,6.66375535888672e-06,273025872,215,88238702592.0,574210816.0,1807205.125,5439.80029296875,0.7034082496
2144,3,631740446,False,0.437081634998322,6250,6100,8500,0.00811408754273286,0.00434380792275529,1.82677506214348,420.54692441022,0.0014813484,273025872,544,67327705088.0,278388000.0,508552256.0,1209264.0,0.3410253
2145,1,631739823,False,0.314046412706375,5370,4950,5050,0.00049586589940104,0.000122490077046677,0.0503246001899242,410.846343994141,9.05277583984375e-05,273025872,351,109389692928.0,603315904.0,30361632.0,73900.2109375,0.7390619824
2146,2,631738862,False,0.586288809776306,6270,5290,7220,0.00599653273602239,0.0176742884731765,5.76746905889193,326.319730926933,0.0010947570046875,273025872,760,5498007040.0,50563800.0,291625152.0,893679.1875,0.061940655
2147,3,631740607,False,0.0,0,0,0,0.0,0.0,0.0,0.0,0.0,273025872,763,527727712.0,7797600.0,0.0,0.0,0.00955206
2148,2,631738953,False,0.477376729249954,6440,980,5960,0.0147139730955124,0.00112098505751096,0.419909857353868,374.59005768216,0.00268625651225586,273025872,886,320575823352.0,1956192408.0,821424475.0,2192862.45898438,2.3963356998
2149,1,631739795,False,0.0244397465139627,12640,6990,4790,3.96056231689087e-06,6.44147434189562e-07,0.000349460144546686,542.515775113443,7.23060063171387e-07,273025872,395,37662793728.0,916332320.0,320221.625,590.253112792969,1.122507092
2150,1,631739662,False,0.00751160737127066,6470,2150,5680,4.62820174844401e-07,1.50494637987987e-07,4.59556335845585e-05,305.363926575423,8.4494765663147e-08,273025872,618,10230717120.0,458324096.0,21062.57421875,68.9753189086914,0.5614470176
2151,2,631738780,False,0.0663557574152946,12730,5200,6310,6.83367796153533e-06,2.66626761913358e-06,0.00141543243080378,530.866638183594,1.24759042358398e-06,273025872,651,39668838400.0,381972608.0,540656.4375,1018.44116210938,0.4679164448
2152,1,631739678,False,0.296148478984833,6510,4480,5550,0.00115700608594662,0.00153536698780954,0.701843798160553,457.117919921875,0.0002112288171875,273025872,599,22014720000.0,112306496.0,78821616.0,172431.6875,0.1375754576
2153,3,631740500,False,0.325984120368958,8630,1620,7340,0.00215210268059527,0.00034989822336294,0.0568775995842675,162.554696727539,0.000392898627941322,273025872,618,16045897344.0,916648192.0,52136748.8242188,320733.573829651,1.1228940352
2154,2,631739169,False,0.203838646411896,10100,4300,7410,0.00134600157966055,0.000115780396179606,0.0742254618294868,641.088338602186,0.000245732779678154,273025872,1132,139407430656.0,1732574720.0,128601158.746094,200598.187492371,2.122404032
2155,3,631740514,True,1.0,7270,4930,6090,0.298721837814083,0.619485010574476,2625.68483928393,4238.49616126953,0.05453615260625,273025872,637,205949957632.0,71865029.0,188694917120.0,44519308.25,0.088034660525
2156,3,631740411,False,0.18657374382019,9500,2990,3420,0.000182468410538197,0.000122578197368603,0.0385888858742649,314.810355370334,3.33123455444336e-05,273025872,482,3638701184.0,221848192.0,8560874.5625,27193.7514648438,0.2717640352
2157,1,631739824,False,0.061444703489542,10690,4530,4680,6.8294756493431e-06,8.46042821649462e-05,0.0603466928005219,713.281799316406,1.24682322845459e-06,273025872,350,1960798720.0,12030300.0,725988.8125,1017.81488037109,0.0147371175
2158,3,631740410,False,0.240357503294945,6340,1690,7240,0.00386624204592617,0.00121236443334944,0.382069926766491,315.144453479993,0.0007058404828125,273025872,478,73706414080.0,475266592.0,181585072.0,576196.3125,0.5822015752
2159,2,631738737,False,0.591301202774048,6980,4640,6080,0.00562238654347652,0.00747167784720659,3.368821144104,450.878814697266,0.0010264510046875,273025872,599,22729128896.0,112146056.0,377800000.0,837919.1875,0.1373789186
2160,3,631740655,False,0.331275135278702,4020,4370,8120,0.00171677068098247,0.00588797505914327,1.74086427424069,295.664342452903,0.000313422241015625,273025872,831,2953611264.0,43453800.0,75647168.0,255854.890625,0.053230905
2161,1,631739935,False,0.0,0,0,0,0.0,0.0,0.0,0.0,0.0,273025872,203,2525160960.0,27583200.0,0.0,0.0,0.03378942
2162,2,631739244,False,0.147203207015991,8960,5500,5880,8.5035940173024e-05,0.000882063235621899,0.28485968708992,322.947021484375,1.55245864990234e-05,273025872,607344850,2961357312.0,14367600.0,4092750.0,12673.1318359375,0.01760031
2163,2,631738899,False,0.0,0,0,0,0.0,0.0,0.0,0.0,0.0,273025872,816,31460972544.0,105716704.0,0.0,0.0,0.1295029624
2164,2,631739941,False,0.283164322376251,9370,3260,9700,0.000796043560364659,0.00805587694048882,2.91055941581726,361.296417236328,0.000145329693359375,273025872,312782652,2369001728.0,14726700.0,42862936.0,118636.484375,0.0180402075
2165,3,631740838,False,0.103077106177807,10220,4370,2720,1.30345256305251e-05,3.76742588126552e-07,0.000177503115453017,471.152243062556,2.3796481842041e-06,273025872,1041,712473149440.0,5156226048.0,915246.1875,1942.56994628906,6.3163769088
2166,2,631738990,False,0.168412938714027,10060,3840,7880,2.41807522498219e-05,1.19068349644359e-06,0.000644231657966279,541.060374054492,4.41455905761719e-06,273025872,928,666287276032.0,3026599168.0,1949831.0,3603.7216796875,3.7075839808
2167,1,631739335,False,0.0,0,0,0,0.0,0.0,0.0,0.0,0.0,273025872,1066,17066471424.0,93128400.0,0.0,0.0,0.11408229
2168,3,631740766,True,0.0904544144868851,6130,670,6260,1.52366264994482e-05,0.148396180946804,162.612603661802,1095.80046214326,2.78167473144531e-06,273025872,962,7445824.5,15301.9765625,2488294.25,2270.7548828125,1.87449212890625e-05
2169,1,631739691,False,0.0,0,0,0,0.0,0.0,0.0,0.0,0.0,273025872,582,8483836928.0,142635600.0,0.0,0.0,0.17472861
2170,3,631740447,False,0.0,0,0,0,0.0,0.0,0.0,0.0,0.0,273025872,545,321522.03125,1800.0,0.0,0.0,2.205e-06
2171,3,631740275,False,0.32675763964653,7360,4250,10120,0.0130551389231945,0.00227744581350444,0.919004388108843,403.524150897236,0.00238341145,273025872,289,186543063040.0,854308800.0,785113536.0,1945642.0,1.04652828
2172,1,631739966,False,0.00358618889003992,7180,3000,1650,1.75838491477503e-07,3.15570986231251e-07,0.000102484918897972,324.76025390625,3.21019543647766e-08,273025872,156,14340800512.0,83042096.0,8510.5625,26.2056770324707,0.1017265676
2173,2,631738411,False,0.349631726741791,6100,4890,6300,0.00162636400481014,0.0013117300014941,0.567640061118335,432.741540158245,0.00029691714609375,273025872,127,39030477824.0,184779904.0,104888476.0,242381.34375,0.2263553824
2174,1,631739460,False,0.0473200902342796,11410,5830,3110,1.5066812296482e-05,1.08080967038404e-05,0.00624554185196757,577.857666015625,2.75067260131836e-06,273025872,153,9188358144.0,207756000.0,1297548.75,2245.44702148438,0.2545011
2175,1,631739822,False,0.108246959745884,5730,1680,1900,4.85076848431433e-05,5.32114207831794e-06,0.00148891478767922,279.811131851957,8.85580552978516e-06,273025872,353,219361906880.0,1358585976.0,2022818.75,7229.22900390625,1.6642678206
2176,2,631738943,False,0.496658235788345,6930,3570,10730,0.0505784424129633,0.013529796153307,5.20725202560425,384.872924804688,0.0092338533875,273025872,873,68493996032.0,557128832.0,2901110272.0,7537839.5,0.6824828192
2177,3,631740277,False,0.240358948707581,6500,7070,7640,0.000140381724394955,0.000931407472887785,0.26799444177329,287.73061154683,2.56287896484375e-05,273025872,292,2925520512.0,22462200.0,6019744.75,20921.4609375,0.027516195
2178,1,631739834,False,0.0192063804715872,6310,510,3820,1.52681569462393e-06,2.14978462546032e-07,5.84800284140862e-05,272.027382285163,2.7874310874939e-07,273025872,337,182895972608.0,1058456704.0,61898.578125,227.545394897461,1.2966094624
2179,2,631738965,False,0.165916860103607,9670,2450,9230,0.000251822827086818,0.000343474006513134,0.143946498632431,419.089904785156,4.59740346679687e-05,273025872,902,17525370880.0,109265400.0,15728371.0,37529.82421875,0.133850115
2180,3,631740180,False,0.134416908025742,8120,6160,3740,8.22268093490942e-05,3.23166138337463e-05,0.00961685916851167,297.582513377975,1.50117375274658e-05,273025872,589508447,63057172480.0,379200608.0,3646718.84375,12254.4796142578,0.4645207448
2181,1,631739546,False,0.41524076461792,6520,5380,5050,0.0103151026662219,0.00189815741032362,0.789675951004028,416.022399902344,0.001883176728125,273025872,797,145637580800.0,809883904.0,639545856.0,1537287.125,0.9921077824
2182,2,631738487,False,0.265046894550323,12220,7250,5700,0.000229504679172565,0.00114102440420538,0.352393060922623,308.839172363281,4.18995219726562e-05,273025872,230,288931936.0,29976300.0,10563440.0,34203.69140625,0.0367209675
2183,2,631738869,False,0.627866685390472,4030,2750,6170,0.00216736561869446,0.000715963251423091,0.397593468427658,555.32666015625,0.00039568510625,273025872,772,83075252224.0,451152000.0,179375088.0,323008.25,0.5526612
2184,2,631739277,False,0.679405927658081,6160,1960,6900,0.0196050541587825,0.00213507912121713,0.764501571655273,358.067077636719,0.00357919673125,273025872,484682516,34228451328.0,1368470656.0,1046197952.0,2921793.25,1.6763765536
2185,1,631739853,False,0.654443085193634,4400,5110,2530,0.019114271149909,5.13481490934553e-05,0.0151774531024045,295.579361094031,0.00348959693076558,273025872,315,8233502572686.19,55477180892.0,842002311.241943,2848650.55572701,67.9595465927
2186,2,631738432,False,0.446027517318726,6720,3480,6910,0.00314398212687448,0.0010243501747027,0.494585871696472,482.828918457031,0.0005739811,273025872,155,88954109952.0,457417792.0,226232384.0,468556.0,0.5603367952
2187,3,631740579,False,0.069154180586338,12740,5200,6310,3.67530391018038e-06,1.46739792433136e-06,0.000778992722257809,530.866719477452,6.70981861877441e-07,273025872,720,17605426176.0,373273184.0,290777.09375,547.740295410156,0.4572596504
2188,2,631738450,True,1.0,6980,5160,5870,0.0188314116245617,0.657896161079407,1477.33239746094,2245.54028320312,0.00343795668125,273025872,181,7451412480.0,4265863.5,6302098432.0,2806495.25,0.0052256827875
2189,1,631739748,False,0.691186666488647,6840,5820,3210,0.0108273578534704,7.97531320131384e-05,0.0280893482267857,352.203704833984,0.001976696596875,273025872,477,3276105722496.0,20232808448.0,568326400.0,1613629.875,24.7851903488
2190,2,631738545,False,0.255563944578171,7000,5720,9210,0.000962548492238874,0.000448206148575991,0.191785112023354,427.894866943359,0.00017572766640625,273025872,311,64813735936.0,320056192.0,61382012.0,143451.15625,0.3920688352
2191,1,631739881,False,0.582636535167694,4830,6650,5590,0.000511684842442872,0.00093530147569254,0.329263597726822,352.040069580078,9.341574375e-05,273025872,272,7626201600.0,81532800.0,26845784.0,76257.75,0.09987768
2192,3,631740842,False,0.140913709998131,8050,1030,7060,0.000157970977349235,0.00018870801058349,0.0686403276743776,363.738282556952,2.88399716308594e-05,273025872,1046,23998836736.0,124758000.0,8563430.0,23542.833984375,0.15282855
2193,3,631740337,False,0.363821476697922,7450,5500,6730,0.00581619416427563,0.00578426201415896,2.3552754911882,407.186860730523,0.00106183349316406,273025872,364,25725152256.0,149855392.0,352950732.0,866802.8515625,0.1835728552
2194,3,631740597,False,0.488149672746658,8080,5060,6480,0.0141726778824855,0.00547545792051732,2.06759844829659,377.611969320228,0.00258743495117187,273025872,749,47737352192.0,385756192.0,797588904.0,2112191.796875,0.4725513352
2195,1,631739538,False,0.314046412706375,5370,4950,5050,0.00049586589940104,0.000121785543109006,0.0500351459879184,410.846350975614,9.05277583984375e-05,273025872,809,109867498496.0,606806104.0,30361632.0,73900.2109375,0.7433374774
2196,3,631740512,False,0.0164571385830641,10250,1880,5750,1.49348179049868e-06,1.36228045672676e-05,0.00993643342347646,729.397047018597,2.72657504510879e-07,273025872,633,1374167808.0,16338600.0,162347.411132812,222.577554702759,0.020014785
2197,2,631738417,False,0.057730957865715,12030,6710,6990,1.45467478018979e-05,0.000111809445769253,0.0483368629316747,432.31466356993,2.65572702636719e-06,273025872,135,1208149760.0,19389600.0,937232.4375,2167.9404296875,0.02375226
2198,1,631739712,False,0.0,0,0,0,0.0,0.0,0.0,0.0,0.0,273025872,545,168717.4375,900.0,0.0,0.0,1.1025e-06
2199,3,631740408,False,0.334133446216583,8040,4250,7770,0.000745330150204401,0.00017635442926239,0.0560830637891365,318.013355398593,0.000136071199584961,273025872,475,74592178176.0,629859600.0,35324456.125,111078.530273438,0.77157801
2200,2,631739025,False,0.178737536072731,7540,5110,9860,0.000484364539928391,0.00171863147988915,0.591878294944763,344.389312744141,8.84280126953125e-05,273025872,964,7199112192.0,42002100.0,24860132.0,72186.1328125,0.0514525725
2201,2,631739211,False,0.292436242103577,5050,6840,6890,0.000907155535311793,0.000824745860882103,0.276897519826889,335.736755371094,0.000165614851171875,273025872,298,18919448576.0,163924192.0,45390200.0,135195.796875,0.2008071352
2202,2,631738498,False,0.493961542844772,4510,4650,6450,0.0504633106604067,0.00547460936476334,1.79349020453967,327.601493557377,0.00921283435898437,273025872,242,180435296256.0,1373738400.0,2463786364.0,7520681.109375,1.68282954
2203,2,631739646,False,0.0148763591423631,8190,3680,8190,1.04899711290193e-06,1.6758515357651e-06,0.000453547545475885,270.637084960938,1.91510158920288e-07,273025872,496345664,14325039104.0,93286800.0,42310.0,156.334823608398,0.11427633
2204,3,631740817,False,0.578948199748993,6020,1230,6140,0.00314246756785549,0.000434536444531995,0.177060583887772,407.470043343476,0.00057370459453125,273025872,1015,160734461952.0,1077769856.0,190830560.0,468330.28125,1.3202680736
2205,1,631739394,False,0.52220743894577,10850,4910,5520,0.000539779826118362,3.08496196770482e-05,0.026761189058134,867.472252114799,9.85449044715881e-05,273025872,987,220800383744.0,2607643816.0,69783649.15625,80444.8199768066,3.1943636746
2206,3,631740511,False,0.511187970638275,6720,2610,6170,0.00114622870529065,0.000118293165342427,0.152992786823025,1293.33581006267,0.000209261244677734,273025872,632,216023269376.0,1444086016.0,220934744.0,170825.505859375,1.7690053696
2207,2,631738799,False,0.366480082273483,4080,4870,8450,0.00955629245191895,0.0188466962426901,5.80063962936401,307.780181884766,0.001744644540625,273025872,675,10385008640.0,75567600.0,438340416.0,1424199.625,0.09257031
2208,2,631738886,False,0.992675125598907,6470,5200,6960,0.260525938437333,0.0483366176486015,28.9347457885742,598.609252929688,0.0475629182,273025872,797,184469857792.0,803260032.0,23242125312.0,38826872.0,0.9839935392
2209,2,631738741,False,0.163766920566559,10460,4820,6210,0.000519369452378852,0.00158926995936781,1.04096031188965,654.992797851562,9.48186845703125e-05,273025872,604,9386958848.0,48703500.0,50698412.0,77403.0078125,0.0596617875
2210,1,631739683,False,0.234506264328957,9840,720,4180,0.00069594254271578,0.000182427844265476,0.0662868097424507,363.359039306641,0.000127054750976562,273025872,593,81949859840.0,568543488.0,37686932.0,103718.1640625,0.6964657728
2211,1,631739773,False,0.00117180880624801,6850,450,5320,7.07648873026932e-09,2.41001352208059e-09,9.29622558487608e-07,385.733337402344,1.29191917181015e-09,273025872,434,63611183104.0,437602496.0,406.805145263672,1.05462789535522,0.5360630576
2212,3,631740681,True,1.0,7270,4930,6090,0.306937154849891,0.600546693375597,2504.70227302068,4170.70362829252,0.05603598196875,273025872,864,210013909504.0,76170028.5,190783243520.0,45743658.75,0.0933082849125
2213,3,631740421,False,0.0,0,0,0,0.0,0.0,0.0,0.0,0.0,273025872,501,17656474624.0,88936200.0,0.0,0.0,0.108946845
2214,3,631740745,False,0.565205693244934,6460,1460,6540,0.0134493921987267,0.00175952617112338,0.340473106635332,193.502723757701,0.00245538829962463,273025872,940,22777587712.0,1139169536.0,387856590.90625,2004398.61193848,1.3954826816
2215,3,631740494,False,0.63875550031662,6510,770,6220,0.0277913090600873,0.00387231016430298,2.00002930378531,516.495120205671,0.00507372036513672,273025872,610,168271287296.0,1069597312.0,2139225967.25,4141812.54296875,1.3102567072
2216,3,631740549,False,0.442507028579712,7840,5240,6060,0.00364920891524203,0.00921157613263669,4.75694328633095,516.409267842564,0.000666217829101562,273025872,681,3319866512.0,59039982.0,280849846.0,543851.2890625,0.07232397795
2217,2,631738505,False,0.183398559689522,7800,3090,10580,4.14652861726226e-05,2.908173155447e-05,0.013221375644207,454.628234863281,7.57011000976562e-06,273025872,251,51400720384.0,212493600.0,2809457.75,6179.681640625,0.26030466
2218,2,631739089,False,0.203731760382652,8730,2490,10420,0.00149114817161259,0.000806665628742659,0.343867165917575,426.282159131482,0.000272231467376709,273025872,1027,63250302208.0,275491804.0,94732585.875,222229.769287109,0.3374774599
2219,3,631740178,False,0.306339353322983,8130,3220,5830,0.000836530741890467,0.0026405387487689,0.906204150252044,343.189112704573,0.000152721235693359,273025872,158,1942213120.0,47214000.0,42785522.75,124670.396484375,0.05783715
2220,3,631740883,False,0.376807451248169,6390,6030,4840,0.00650043171357947,0.000253849761712748,0.0759271036841531,299.102521002445,0.00118675132200718,273025872,1099,191057212880.0,3816338384.0,289763520.175781,968776.589393616,4.6750145204
2221,1,631739307,False,0.0874719694256783,6010,4930,5030,2.84262432919776e-05,5.65926929994021e-05,0.0241912677884102,427.462738037109,5.18963713378906e-06,273025872,1104,15302235136.0,74858400.0,1810919.625,4236.4384765625,0.09170154
2222,1,631739455,False,0.528917729854584,9530,3390,910,7.34072753363431e-05,3.07818906231287e-05,0.0103706312225032,336.906895988741,1.34015992919922e-05,273025872,922,59550591360.0,355406404.0,3685788.75,10940.0810546875,0.4353728449
2223,2,631738424,False,0.0675495192408562,10510,3730,6210,2.86844186750771e-05,9.88280953606591e-06,0.00570246437564492,577.008422851562,5.23677092285156e-06,273025872,145,16283726336.0,432560704.0,2466662.0,4274.9150390625,0.5298868624
2224,2,631738699,True,1.0,7270,4930,6090,0.670904620043777,0.675333678722382,3145.53173828125,4657.74462890625,0.1224837026,273025872,549,497237164032.0,148055248.0,465712480256.0,99986696.0,0.1813676788
2225,1,631739825,False,0.127080842852592,6260,7150,5200,3.2536126731259e-05,0.000430535175837576,0.165071561932564,383.410186767578,5.9399580078125e-06,273025872,349,540156032.0,11262600.0,1859135.0,4848.9453125,0.013796685
2226,2,631738893,False,0.692408740520477,6910,3510,10550,0.00150564266347194,0.000232334525207989,0.102800883352757,442.46923828125,0.000274877654296875,273025872,806,177588813824.0,965805312.0,99285640.0,224389.921875,1.1831115072
2227,1,631739716,False,0.195299074053764,9420,2890,930,0.000231313348442695,2.46938235860279e-05,0.00789782269726853,319.829882551571,4.22297216796875e-05,273025872,541,252019135488.0,1396026908.0,11025573.0,34473.2421875,1.7101329623
2228,1,631739730,False,0.0,0,0,0,0.0,0.0,0.0,0.0,0.0,273025872,519,68713510016.0,801917988.0,0.0,0.0,0.9823495353
2229,3,631740326,False,0.127080842852592,6260,7150,5200,6.90301607175296e-05,0.00045672171820339,0.154594937003889,338.48825409928,1.26024913574219e-05,273025872,349,908854688.0,22525200.0,3482281.875,10287.748046875,0.02759337
2230,1,631739695,False,0.0,0,0,0,0.0,0.0,0.0,0.0,0.0,273025872,577,45079973888.0,235408496.0,0.0,0.0,0.2883754076
2231,3,631740197,False,0.347879409790039,4490,4360,9230,0.00711637750290755,0.00216096664436014,0.672556927272088,311.229666143797,0.001299201465625,273025872,187,82108526592.0,490786208.0,330081664.0,1060572.625,0.6012131048
2232,3,631740402,False,0.258804053068161,6190,2440,5260,0.00158167869497489,4.18162631879931e-05,0.0207879242738532,497.125345237021,0.000288759172460937,273025872,463,1443492921344.0,5637083648.0,117183268.0,235721.7734375,6.9054274688
2233,1,631739875,False,0.0756176486611366,7960,230,4240,8.15980335240181e-06,1.98649904632475e-05,0.00545633863657713,274.671081542969,1.48969450683594e-06,273025872,281,12122847232.0,61217100.0,334021.21875,1216.0771484375,0.0749909475
2234,2,631739055,False,0.125841990113258,8670,2930,10340,0.000228788235931789,0.000354706251528114,0.164892598986626,464.870880126953,4.17687245117187e-05,273025872,990,26160760832.0,96127200.0,15850664.0,34096.91796875,0.11775582
2235,1,631740041,False,0.0,0,0,0,0.0,0.0,0.0,0.0,0.0,273025872,41,23607087104.0,131492704.0,0.0,0.0,0.1610785624
2236,2,631738812,False,0.419640809297562,5250,6710,6410,0.00205127025600744,0.0103834439069033,3.37103748321533,324.655029296875,0.00037449015625,273025872,689,2789019648.0,29441700.0,99249072.0,305706.25,0.0360660825
2237,2,631738354,False,0.463184386491776,6210,5520,6040,0.00401869353500777,0.00705126160755754,2.7385630607605,388.379180908203,0.0007336727890625,273025872,38,11600928768.0,84937504.0,232606720.0,598916.5625,0.1040484424
2238,2,631738992,False,0.565346717834473,7500,3510,6300,0.017329668588856,0.0118094123899937,4.89188766479492,414.236328125,0.0031637909625,273025872,930,32211613696.0,218697296.0,1069842560.0,2582686.5,0.2679041876
2239,3,631740920,False,0.205319717526436,9700,3160,8140,0.000482474407806416,0.000244597396348578,0.0913226219920665,373.358929225567,8.80829407226562e-05,273025872,484682508,39778084864.0,293970592.0,26846165.25,71904.44140625,0.3601139752
2240,2,631738919,False,0.62622457742691,9480,6900,5730,0.0020794478056366,0.00229985965415835,0.645270764827728,280.569610595703,0.000379634390625,273025872,841,1236757888.0,134749792.0,86950104.0,309905.625,0.1650684952
2241,2,631739079,False,0.520143568515778,950,5880,7080,0.00643900875251941,0.000514763582032174,0.163943082094193,318.482269287109,0.0011755376390625,273025872,1016,91422220288.0,1864200576.0,305622784.0,959622.5625,2.2836457056
2242,1,631739509,False,0.0,0,0,0,0.0,0.0,0.0,0.0,0.0,273025872,847,74769465344.0,321251392.0,0.0,0.0,0.3935329552
2243,3,631740232,False,0.162036016583443,7440,1270,8540,0.000118351186478545,8.02229679742271e-05,0.0408770291942576,509.542718581416,2.16067844726562e-05,273025872,312782616,53851672576.0,219864608.0,8987412.0,17638.19140625,0.2693341448
2244,3,631740113,False,0.115683674812317,9250,3800,5990,5.92832997580538e-05,6.58414636417739e-05,0.0234190376487091,355.688290529595,1.08230556770325e-05,273025872,62,787992640.0,134188200.0,3142558.5078125,8835.14749145508,0.164380545
2245,3,631740720,False,0.107515811920166,9750,3670,6570,2.24449880383814e-05,0.000546253206089963,0.278757409856947,510.308052656148,4.09766926269531e-06,273025872,911,315818480.0,6123600.0,1706998.875,3345.0361328125,0.00750141
2246,2,631739113,False,0.259978920221329,8450,4400,5750,8.33164069368103e-05,0.00398167874664068,0.935000002384186,234.825576782227,1.52106599121094e-05,273025872,1060,85411008.0,3118500.0,2915797.5,12416.865234375,0.0038201625
2247,3,631740484,False,0.591301202774048,6980,4640,6080,0.00677939262942314,0.00450140070138298,2.03437925713582,451.943604245406,0.001237679821875,273025872,599,44743848896.0,224452552.0,456621616.0,1010350.875,0.2749543762
2248,3,631740156,False,0.551177263259888,5710,3710,5830,0.00219959552583174,0.000408707334894629,0.151592952859289,370.908324653316,0.000401569159277344,273025872,129,26161132544.0,802069184.0,121588036.0,327811.55859375,0.9825347504
2249,3,631740688,False,0.0398302786052227,9330,3800,7920,6.16832797309033e-06,2.28179958001384e-05,0.00817989126927392,358.484213114997,1.12612080230713e-06,273025872,874,2682935808.0,40287600.0,329548.1875,919.282287597656,0.04935231
2250,2,631739252,False,0.226420357823372,7230,1000,7280,0.000510035141060914,0.000475498993182555,0.231340855360031,486.522308349609,9.3114566015625e-05,273025872,312782562,43517071360.0,159857104.0,36981480.0,76011.890625,0.1958249524
2251,1,631739722,False,0.204468235373497,7970,2470,5260,0.000148766815256147,0.00112517445813864,0.403841376304626,358.914459228516,2.71596137695312e-05,273025872,531,2681829888.0,19704600.0,7957533.0,22171.11328125,0.024138135
2252,3,631740788,False,0.0908441245555878,7140,2220,5630,2.60680552544961e-05,6.99847142073448e-05,0.0233535170323534,333.694540255798,4.7591145324707e-06,273025872,982,7093345280.0,55512000.0,1296400.4375,3884.99145507812,0.0680022
2253,2,631738390,False,0.508029758930206,6010,2430,7630,0.00230660209281641,0.0055970586836338,3.35457730293274,599.346435546875,0.00042110481328125,273025872,98,4508413952.0,61417800.0,206030752.0,343759.03125,0.075236805
2254,2,631738404,False,0.891339004039764,4000,5090,9310,0.193525470516034,0.0369445288008487,17.4308688532703,471.811914214205,0.0353309777098633,273025872,119,120785776752.0,780673496.0,13607817326.0,28841614.4570312,0.9563250326
2255,1,631739660,False,0.115204535424709,3240,3680,5210,1.62180861157082e-05,1.1400359653635e-05,0.00322064105421305,282.503448486328,2.96085490722656e-06,273025872,620,21908643840.0,212012992.0,682817.75,2417.0244140625,0.2597159152
2256,2,631739105,False,0.0,0,0,0,0.0,0.0,0.0,0.0,0.0,273025872,1049,96890912768.0,601769728.0,0.0,0.0,0.7371679168
2257,3,631740827,False,0.027798343449831,11290,4250,2020,6.19353345062928e-06,2.10024968378675e-07,9.00499715736647e-05,428.758410339596,1.13072244033813e-06,273025872,1025,753597317120.0,4394899968.0,395760.6171875,923.038726806641,5.3837524608
2258,2,631738666,False,0.761689603328705,4830,4620,7140,0.453348647146936,0.00577051368262109,2.34277940498669,405.991482533415,0.0827655962,273025872,485,1902523842560.0,11708446720.0,27430307840.0,67563752.0,14.342847232
2259,2,631738710,True,0.998563170433044,6330,800,6190,0.0419577975620846,0.242351869214388,445.976323283888,1840.20170642617,0.00766002535205383,273025872,567,19659641852.8125,25801665.7363281,11506932019.6875,6253081.92004395,0.0316070405270019
2260,2,631739154,False,0.21203900873661,5310,5830,6390,0.000964709092561682,0.00330501608550549,1.3355724811554,404.104705810547,0.00017612211640625,273025872,1109,9365710848.0,43501500.0,58099408.0,143773.15625,0.0532893375
2261,1,631739794,False,0.0459083765745163,8320,4870,5530,3.33254086848929e-06,2.95418394671287e-05,0.00785368215292692,265.849456787109,6.08405326843262e-07,273025872,397,446543680.0,16812000.0,132036.109375,496.657409667969,0.0205947
2262,2,631739077,False,0.424103677272797,8030,4300,8210,0.0022467280958498,0.0014212958678623,0.487703633803293,343.140119401615,0.000410173916967773,273025872,1014,29033952896.0,235584904.0,114895613.75,334835.850585938,0.2885915074
2263,2,631739106,False,0.0012896922416985,9000,4130,5830,7.78838020419933e-09,0.000644846120849252,0.0116072297096252,18.0,1.42188563942909e-09,273025872,1051,5444.1279296875,1800.0,20.8930130004883,1.16072297096252,2.205e-06
2264,3,631740732,False,0.315787315368652,9270,6200,2070,0.00151039574517331,4.98344638060632e-05,0.0178084172815768,357.351437568997,0.000275745400662231,273025872,926,632721264640.0,4516920000.0,80439196.1875,225098.286254883,5.533227
2265,2,631738501,False,0.598962306976318,8770,4830,6720,0.00793975662041338,0.019085455685854,7.61029577255249,398.748443603516,0.001449521675,273025872,246,7222117376.0,61999200.0,471832256.0,1183283.0,0.07594902
2266,1,631739390,False,0.376807451248169,6390,6030,4840,0.00299024518915405,0.000140598295180305,0.0488117634844185,347.17180191852,0.000545914115818024,273025872,991,176413470928.0,3169627168.0,154715091.658203,445644.176177979,3.8827932808
2267,1,631740023,False,0.286949634552002,4970,5380,5290,0.000103109593051675,0.000343094696290791,0.157187253236771,458.145385742188,1.88242029541016e-05,273025872,72,7957505024.0,44788500.0,7040181.0,15366.6962890625,0.0548659125
2268,3,631740416,False,0.450825363397598,3520,3490,7260,0.00267336525572659,0.0101222724945758,2.88458814144093,284.974361536571,0.00048806293046875,273025872,488,1136350784.0,39360600.0,113539120.0,398418.71875,0.048216735
2269,3,631740939,False,0.45472240447998,8420,5730,7530,0.0100912335231858,0.000388011340115729,0.134761240815881,347.312634666005,0.0018423060578125,273025872,10703,930725101568.0,3875977728.0,522331568.0,1503923.3125,4.7480727168
2270,2,631738929,False,0.0608745738863945,10860,6070,7020,2.34610310335285e-05,3.4833055906347e-06,0.00119340303353965,342.606475830078,4.28316315307617e-06,273025872,852,51610386432.0,1003776320.0,1197909.75,3496.45971679688,1.229625992
2271,1,631739741,False,0.244200468063354,7720,5920,5450,0.00096249217855252,0.000590150818116912,0.238266630803545,403.738541893105,0.000175717385498047,273025872,491,37227422080.0,243061196.0,57913372.25,143442.763671875,0.2977499651
2272,2,631738502,False,0.568303406238556,7200,3570,10730,0.0467806083578448,0.00267385409339585,1.18496769992332,443.168422259866,0.00854050180959473,273025872,247,590273465856.0,2607411612.0,3089698540.625,6971838.21191406,3.1940792247
2273,1,631739203,False,0.226452469825745,7620,7180,5660,7.57099114359039e-05,0.000307466427329928,0.0855208709836006,278.147033691406,1.38219800537109e-05,273025872,10671,1490818432.0,36697500.0,3138402.25,11283.2490234375,0.0449544375
2274,1,631740065,False,0.691186666488647,6840,5820,3210,0.393964430499319,0.000290269789306128,0.121420205744121,418.301215687544,0.0719241166309278,273025872,8,29493704697006.2,202272391960.0,24559955448.1386,58713564.5966758,247.783680151
2275,1,631740007,False,0.0227384697645903,11340,5820,3100,2.1153516467655e-06,6.88801094383962e-07,0.000351017661159858,509.606719970703,3.86189175415039e-07,273025872,101,29905180672.0,457688704.0,160656.8125,315.256469726562,0.5606686624
2276,2,631738698,False,0.0,0,0,0,0.0,0.0,0.0,0.0,0.0,273025872,545,152804.59375,900.0,0.0,0.0,1.1025e-06
2277,3,631740336,False,0.837775468826294,3420,2790,6330,0.0279163438944875,0.00471976648105453,1.43846955671092,304.775577877641,0.00509654734979858,273025872,363,110107344896.0,881494208.0,1268002582.625,4160446.81616211,1.0798304048
2278,1,631739770,False,0.0,0,0,0,0.0,0.0,0.0,0.0,0.0,273025872,440,7952802304.0,216396000.0,0.0,0.0,0.2650851
2279,1,631739349,False,0.12439838051796,10560,6730,4800,7.53799777121871e-05,9.51484707911732e-06,0.00387564999982715,407.326568603516,1.3761745703125e-05,273025872,1048,44288716800.0,1180689280.0,4575938.5,11234.078125,1.446344368
2280,1,631739393,False,0.0,0,0,0,0.0,0.0,0.0,0.0,0.0,273025872,988,50949668864.0,238410896.0,0.0,0.0,0.2920533476
2281,3,631740875,False,0.168412938714027,10060,3840,7880,6.89652564746464e-05,1.69795777782235e-06,0.00135199179767963,796.245828570354,1.25906421142578e-05,273025872,1091,1313388888064.0,6053198336.0,8183874.5,10278.0751953125,7.4151679616
2282,1,631739692,False,0.0563279502093792,5400,4330,5140,7.64228702919091e-06,7.11254961061059e-06,0.00198010774329305,278.396331787109,1.39521413879394e-06,273025872,581,15134032896.0,160132496.0,317079.59375,1138.95031738281,0.1961623076
2283,1,631739932,False,0.0,0,0,0,0.0,0.0,0.0,0.0,0.0,273025872,207,824833728.0,23752800.0,0.0,0.0,0.02909718
2284,3,631740706,False,0.45894581079483,10750,4910,5550,0.00245852365398984,0.000751929997246059,0.50828486617693,675.973651853925,0.000448840373242187,273025872,898,78332383232.0,487279808.0,247676952.0,366400.3046875,0.5969177648
2285,2,631739201,True,0.395476490259171,7080,5130,5720,0.000201017423926474,0.305274575948715,483.553955078125,1583.99682617188,3.66987461914062e-05,273025872,560581559,93953048.0,98135.1328125,47453632.0,29958.16015625,0.000120215537695312
2286,2,631738338,False,0.472734183073044,9270,2080,5870,0.00929816110279342,0.00147353066131473,0.546838879585266,371.107879638672,0.001697518790625,273025872,17,158991122432.0,940414528.0,514255200.0,1385729.625,1.1520077968
2287,3,631740614,False,0.0,0,0,0,0.0,0.0,0.0,0.0,0.0,273025872,773,29282802688.0,254377792.0,0.0,0.0,0.3116127952
2288,2,631738442,False,0.274749100208282,9500,3800,6080,7.7944615956871e-05,0.00159680715296417,0.494490325450897,309.674407958984,1.42299588867187e-05,273025872,606826663,500986400.0,7274700.0,3597268.75,11616.29296875,0.0089115075
2289,1,631739870,False,0.0,0,0,0,0.0,0.0,0.0,0.0,0.0,273025872,289,89906036736.0,427154400.0,0.0,0.0,0.52326414
2290,3,631740303,False,0.119972452521324,9780,4320,6740,0.000111230268745287,2.15079710875185e-05,0.00566684201469887,263.476363792745,2.0306754119873e-05,273025872,326,8417224632.0,770734816.0,4367632.4375,16576.9421386719,0.9441501496
2291,1,631740042,False,0.0702358931303024,3520,2040,5690,4.80902568376786e-05,5.08623720871355e-06,0.00138950853668321,273.189880783137,8.77959778556824e-06,273025872,39,178347947936.0,1409100344.0,1957956.95703125,7167.01860046387,1.7261479214
2292,3,631740872,False,0.334133446216583,8040,4250,7770,0.000276042646383189,0.000182615186959908,0.0672823203083352,368.437704598505,5.03957260009766e-05,273025872,1088,24967651328.0,225279008.0,15157294.375,41139.3681640625,0.2759667848
2293,3,631740628,False,0.665320813655853,8960,3100,6170,0.400754294178435,0.0141381727206409,5.76102104448947,407.479888548733,0.0731637081,273025872,795,710579810816.0,4224412672.0,24336930304.0,59725476.0,5.1749055232
2294,2,631738385,False,0.0,0,0,0,0.0,0.0,0.0,0.0,0.0,273025872,91,32687132672.0,386943296.0,0.0,0.0,0.4740055376
2295,3,631740768,False,0.0,0,0,0,0.0,0.0,0.0,0.0,0.0,273025872,963,299854320.0,51188400.0,0.0,0.0,0.06270579
2296,1,631739899,False,0.0771016255021095,8890,4750,4820,6.43719609267039e-06,1.5473626262974e-05,0.00462700519710779,299.025268554688,1.17520671081543e-06,273025872,246,6485376512.0,61999200.0,286870.625,959.352416992188,0.07594902
2297,1,631739880,False,0.110159710049629,6890,930,5140,8.37907550581954e-05,3.66728563676588e-05,0.0104605061933398,285.238372802734,1.52972592773437e-05,273025872,274,41072222208.0,340512288.0,3561931.0,12487.55859375,0.4171275528
2298,3,631740889,False,0.394134700298309,6900,4290,10640,0.00135829806694294,0.00041666928546257,0.189779410931688,455.46772357123,0.000247977687890625,273025872,1106,100394721280.0,485830784.0,92200680.0,202430.765625,0.5951427104
2299,1,631739606,False,0.170395761728287,8680,2390,950,8.72197697276362e-05,0.000256333994911984,0.0743441209197044,290.0283203125,1.592327734375e-05,273025872,696,6697586688.0,50709600.0,3769960.5,12998.59375,0.06211926
2300,1,631739778,False,0.0,0,0,0,0.0,0.0,0.0,0.0,0.0,273025872,427,32657633280.0,214267504.0,0.0,0.0,0.2624776924
2301,1,631739923,False,0.0,0,0,0,0.0,0.0,0.0,0.0,0.0,273025872,217,12330778624.0,159162304.0,0.0,0.0,0.1949738224
2302,2,631738613,False,0.0072371494024992,7680,840,7850,1.95766480649652e-07,1.0831411145773e-06,0.000371807196643203,343.267547607422,3.57401077270508e-08,273025872,401,5651402752.0,26936100.0,10015.0361328125,29.1755981445312,0.0329967225
2303,2,631738816,False,0.48796346783638,6740,6580,6230,0.0124384955391384,0.00749730924144387,2.80951046943665,374.73583984375,0.00227083395,273025872,693,43719045120.0,247254304.0,694663552.0,1853742.0,0.3028865224
2304,3,631740183,False,0.0,0,0,0,0.0,0.0,0.0,0.0,0.0,273025872,164,24106472.0,388800.0,0.0,0.0,0.00047628
2305,1,631739593,False,0.0464490167796612,7490,4380,3530,3.93084143217178e-06,1.48666106269957e-06,0.000536008679773659,360.545318603516,7.17634069824219e-07,273025872,718,53605748736.0,394053312.0,211216.0,585.82373046875,0.4827153072
2306,1,631739452,False,0.315787315368652,9270,6200,2070,0.000295154935060262,1.94768662126412e-05,0.00615902869101069,316.222775459292,5.38849610015869e-05,273025872,926,323910160384.0,2258460000.0,13909919.9375,43987.7232666016,2.7666135
2307,1,631739789,False,0.415754646062851,7400,4960,5590,0.00297997544154491,0.00481442797157938,2.21605107624796,460.293743998206,0.000544039219335937,273025872,406,15921951232.0,92246400.0,204422734.0,444113.6484375,0.11300184
2308,1,631739861,False,0.0,0,0,0,0.0,0.0,0.0,0.0,0.0,273025872,303,92744327168.0,346324512.0,0.0,0.0,0.4242475272
2309,2,631738547,False,0.768908500671387,9400,4200,6930,0.929449677161551,0.00838201027363539,3.55335378646851,423.926208496094,0.1696849812,273025872,313,2155795692064.0,16525671424.0,58721558528.0,138518352.0,20.2439474944
2310,1,631739939,False,0.0,0,0,0,0.0,0.0,0.0,0.0,0.0,273025872,198,82988360.0,30307500.0,0.0,0.0,0.0371266875
2311,3,631740670,False,0.244868606328964,5880,4660,9470,0.00163676881348813,0.00519643306023152,1.59862435079736,307.638784579309,0.0002988167,273025872,849,5616994304.0,46942200.0,75042944.0,243932.0,0.057504195
2312,1,631738473,False,0.0,0,0,0,0.0,0.0,0.0,0.0,0.0,273025872,312782636,21519659008.0,168287392.0,0.0,0.0,0.2061520552
2313,2,631739927,False,0.274443775415421,9360,2260,9890,0.000670573102512375,0.00059384893393144,0.228448703885078,384.691589355469,0.000122423179101562,273025872,312782636,26286530560.0,168287392.0,38445036.0,99937.2890625,0.2061520552
2314,1,631739348,False,0.00107863650191575,10170,4480,2900,3.67702316820426e-08,9.10641517748445e-09,6.07666197538492e-06,667.294616699219,6.71295738220215e-09,273025872,1049,89708470272.0,601769728.0,3656.75122070312,5.47996520996094,0.7371679168
2315,3,631740874,False,0.659460604190826,5510,3690,9770,0.00549575252553995,0.000416401335849036,0.200513869683999,481.539928960973,0.00100333206508179,273025872,1090,447960104960.0,1966964352.0,394403633.75,819046.583740234,2.4095313312
2316,2,631738380,False,0.133260399103165,8770,6480,7160,0.000311168016652622,9.41919934120961e-05,0.0265934634953737,282.33251953125,5.68083892578125e-05,273025872,78,1015387968.0,492336896.0,13092943.0,46374.1953125,0.6031126976
2317,3,631740090,False,0.564376652240753,9530,3220,9560,0.00927063273975193,0.00146388506758592,0.476379612241292,325.421457455594,0.001692493075,273025872,28,148481409024.0,943808384.0,449611072.0,1381627.0,1.1561652704
2318,1,631739947,False,0.23447097837925,7370,3210,5260,0.000390019942158871,0.00037470695679076,0.140223890542984,374.222808837891,7.12039911132812e-05,273025872,186,15077297152.0,155123104.0,21751966.0,58125.70703125,0.1900258024
2319,2,631738347,False,0.564376652240753,9530,3220,9560,0.00927063273975193,0.00292777013964951,0.952759206295013,325.421447753906,0.001692493075,273025872,28,75357798400.0,471904192.0,449611072.0,1381627.0,0.5780826352
2320,2,631738649,False,0.253049910068512,5030,5960,5770,0.000206568745087788,0.00169925973750651,0.545043468475342,320.753479003906,3.77122231445312e-05,273025872,452,2446436608.0,18117000.0,9874552.0,30785.48828125,0.022193325
2321,2,631738334,False,0.198851183056831,6690,1190,7090,0.000418232850020708,0.000594711571466178,0.204942151904106,344.607604980469,7.63546806640625e-05,273025872,9,20493815808.0,104807696.0,21479514.0,62330.3515625,0.1283894276
2322,1,631739813,False,0.40141636133194,6630,5070,5510,0.00224747432099708,0.00242977263405919,1.27802157402039,525.984008789062,0.0004103101515625,273025872,366,36117602304.0,137851200.0,176176800.0,334947.0625,0.16886772
2323,2,631738618,False,0.316842347383499,9230,1350,9350,0.001262548011881,0.000341161157767032,0.127278777571315,373.075230499216,0.000230497078996658,273025872,409,114883339264.0,551530784.0,70198163.9804688,188160.880813599,0.6756252104
2324,1,631739542,False,0.529114842414856,4830,6860,5060,0.00880007227402784,0.000311211886582896,0.101879492402077,327.363739013672,0.001606585203125,273025872,803,522014075392.0,4214164480.0,429336928.0,1311498.125,5.162351488
2325,3,631740430,False,0.291057765483856,7170,3350,9720,0.0021285555418362,0.001253891514345,0.476646295203361,380.133599877137,0.00038859974453125,273025872,520,45003827200.0,252991808.0,120587608.0,317224.28125,0.3099149648
2326,2,631738609,False,0.152019307017326,7760,480,7990,0.000364333033466736,0.000152242678796906,0.0567281953879655,372.616902410405,6.65144606033325e-05,273025872,394,70915616960.0,356651100.0,20232173.2861328,54297.5188598633,0.4368975975
2327,1,631739581,False,0.146882101893425,8100,2330,910,0.000225757230723502,0.000199385322048329,0.0556958839297295,279.337921142578,4.12153690429687e-05,273025872,735,22799593472.0,168744608.0,9398380.0,33645.19921875,0.2067121448
2328,2,631738520,True,0.499297112226486,6320,1090,6370,0.00130520735295494,0.124743640422821,72.9832534790039,585.06591796875,0.000238285181640625,273025872,274,389908832.0,1559346.125,113806152.0,194518.515625,0.001910199003125
2329,3,631740615,True,0.439590156078339,6230,800,6320,0.000376101982468315,0.179939397453648,335.84612135778,1866.44017991832,6.86630587890625e-05,273025872,774,209216896.0,311501.96875,104616728.0,56051.4765625,0.00038158991171875
2330,3,631740459,True,0.998563170433044,6330,800,6190,0.0419577975620846,0.242351869214388,445.976323283888,1840.20170642617,0.00766002535205383,273025872,567,19659641852.8125,25801665.7363281,11506932019.6875,6253081.92004395,0.0316070405270019
2331,3,631740835,False,0.324550688266754,9240,2270,7600,0.00206591516942899,0.000315496640682619,0.103930178711984,329.41770310808,0.000377163804882812,273025872,1037,120610676736.0,975886208.0,101424028.0,307888.8203125,1.1954606048
2332,1,631739602,False,0.0863083675503731,10690,4920,4860,3.68689583744637e-05,3.80686709171342e-06,0.00250575524572757,658.219786864102,6.73098142089844e-06,273025872,701,156982676992.0,1443359744.0,3616706.25,5494.6787109375,1.7681156864
2333,1,631739868,False,0.167657986283302,6270,7230,3660,5.72947134939708e-05,0.000760280236136168,0.22895359992981,301.143707275391,1.04600094238281e-05,273025872,292,1539668608.0,11231100.0,2571400.75,8538.783203125,0.0137580975
2334,2,631738841,False,0.193112075328827,10390,3600,7180,2.47978962582249e-05,1.18673892757215e-06,0.000729688501451164,614.868591308594,4.52722795410156e-06,273025872,728,83791863808.0,3114161152.0,2272367.5,3695.6962890625,3.8148474112
2335,3,631740672,False,0.176107302308083,9810,1430,5130,0.000159330388689398,4.10714592724609e-05,0.0128944954110668,313.952697067006,2.90881525634766e-05,273025872,851,44305471488.0,578149184.0,7454942.0,23745.4306640625,0.7082327504
2336,2,631738445,False,0.609659492969513,2170,2460,5930,0.0941279420204769,0.0595105290412903,29.7124938964844,499.281311035156,0.017184467825,273025872,171,34492649472.0,235725296.0,7003986432.0,14028137.0,0.2887634876
2337,2,631738415,False,0.426284700632095,4000,2870,6620,0.00239685957769122,0.037149041891098,8.52199077606201,229.400009155273,0.00043758267109375,273025872,132,503535072.0,9615600.0,81944056.0,357210.34375,0.01177911
2338,1,631739401,False,0.259241133928299,7610,6080,5440,0.002032366470982,0.00509104132652283,2.12219381332397,416.848663330078,0.00037103898671875,273025872,980,10639076352.0,59494500.0,126258864.0,302888.96875,0.0728807625
2339,2,631739038,False,0.367990761995316,8720,3850,5750,0.00189610627412927,0.0246664881706238,9.17030429840088,371.771789550781,0.00034616264375,273025872,975,1642241152.0,11456100.0,105055920.0,282581.75,0.0140337225
2340,2,631738814,False,0.532876253128052,7340,5410,6360,0.00766958764091792,0.0330057963728905,16.8089160919189,509.271606445312,0.001400198275,273025872,690,4488218624.0,34630856.0,582107136.0,1143019.0,0.0424227986
2341,1,631739598,False,0.118952050805092,7930,2580,5190,3.11554093693151e-05,0.000177513735252433,0.0679357200860977,382.706848144531,5.68788734130859e-06,273025872,706,4857166336.0,26156700.0,1776974.25,4643.17333984375,0.0320419575
2342,1,631739573,False,0.317740112543106,8740,6170,4140,0.000566673768691854,6.65707631847711e-05,0.0197110376750513,296.091508224746,0.000103454797123241,273025872,752,9403132560.0,1268618408.0,25005785.2353516,84452.8956108093,1.5540575498
2343,3,631740728,False,0.290650367736816,6450,1840,8020,0.00350402043864451,0.000459654984337287,0.163316292546116,355.301907106651,0.000639711494732666,273025872,182305689,183655268800.0,1136098776.0,185543440.0625,522213.465087891,1.3917210006
2344,1,631740037,False,0.209734901785851,5610,2120,5690,0.0002846101047339,3.91351982762831e-05,0.0104345245466093,266.627614173425,5.19598440429687e-05,273025872,48,175406954624.0,1083837596.0,11309330.0,42416.19921875,1.3277010551
2345,1,631739882,False,0.00161249318625778,9260,3950,3710,9.73775773294089e-09,3.2844347686023e-08,9.16357294045156e-06,279.0,1.77777374982834e-09,273025872,271,6092492800.0,44185500.0,404.897033691406,1.45124387741089,0.0541272375
2346,3,631740814,False,0.138432726264,6270,4800,10180,0.000169506607310554,0.000154794639421111,0.0710858567785367,459.226863697463,3.09459739257812e-05,273025872,1010,40752906240.0,163196992.0,11600998.0,25262.01953125,0.1999163152
2347,1,631739249,False,0.0932106003165245,5080,6790,4490,4.72152025223448e-05,4.29259816883132e-05,0.0123843206092715,288.504058837891,8.61984349365234e-06,273025872,298,19247722496.0,163924192.0,2030089.75,7036.60693359375,0.2008071352
2348,2,631738495,False,0.464917838573456,10250,4990,5720,0.000348531315358975,0.00118789623957127,0.552299022674561,464.938720703125,6.3629619921875e-05,273025872,238,1592126080.0,43726500.0,24150102.0,51942.546875,0.0535649625
2349,1,631739271,False,0.0,0,0,0,0.0,0.0,0.0,0.0,0.0,273025872,526157196,1075157376.0,50499900.0,0.0,0.0,0.0618623775
2350,1,631739503,False,0.0,0,0,0,0.0,0.0,0.0,0.0,0.0,273025872,854,65308602368.0,440530208.0,0.0,0.0,0.5396495048
2351,3,631740233,False,0.248313069343567,8170,1860,9310,0.000161816480022478,0.000132035197778694,0.0638333146598726,483.456803441642,2.95420258300781e-05,273025872,233,42826031104.0,182647808.0,11659015.0,24115.939453125,0.2237435648
2352,2,631738770,False,0.993378639221191,7220,4940,5930,0.314121538264934,0.0221340188056925,15.0878761874798,681.660041944099,0.0573475989337891,273025872,637,426156762624.0,2115041416.0,31911483016.0,46814366.4765625,2.5909257346
2353,2,631738652,False,0.0698510706424713,10520,3820,6500,5.93014930545816e-06,0.000207082310225815,0.0864258706569672,417.350341796875,1.08263771362305e-06,273025872,460,361517888.0,4267800.0,368848.34375,883.785888671875,0.005228055
2354,2,631738585,False,0.18142594397068,7110,5630,7030,0.000187752530007015,0.00499201752245426,1.59253430366516,319.016143798828,3.42770408203125e-05,273025872,356,710339008.0,5605200.0,8926473.0,27981.2578125,0.00686637
2355,3,631740267,False,0.107632622122765,7510,1430,8100,6.65170854700439e-05,0.000279844675176081,0.0841956159665763,300.865528041938,1.21436917724609e-05,273025872,312782570,4008360960.0,35424000.0,2982545.5,9913.2177734375,0.0433944
2356,2,631738606,False,0.104616060853004,9940,6760,6130,6.05108475298485e-05,2.52614610219925e-06,0.000828925327944419,328.138315999523,1.10471629371643e-05,273025872,386,255095764608.0,3569901276.0,2959181.5859375,9018.09219360352,4.3731290631
2357,3,631740621,False,0.662676930427551,3300,3900,7680,0.0310775582837797,0.00658312891425711,1.9689426642135,299.089185379516,0.00567367445780334,273025872,783,64851937280.0,703551616.0,1385252793.21875,4631570.98596191,0.8618507296
2358,3,631740683,False,0.0810358598828316,10570,6930,3790,1.29356527059534e-05,7.53777064460841e-06,0.00215553485602657,285.964505641781,2.3615974486351e-06,273025872,866,1513263616.0,255756608.0,551292.283203125,1927.83465194702,0.3133018448
2359,3,631740786,False,0.357107162475586,7510,6000,6130,0.00603052381864358,0.0075531769218163,3.13778974527057,415.426485801955,0.00110096258671875,273025872,980,22163684352.0,118989000.0,373362464.0,898744.96875,0.145761525
2360,3,631740315,False,0.354237884283066,8510,2510,5780,0.00056633569585506,0.00336299822765506,0.992572099101899,295.144996194065,0.000103393076855469,273025872,336,2670323584.0,25097400.0,24910979.0,84402.51171875,0.030744315
2361,3,631740274,False,0.178890079259872,3310,4470,6400,0.000495936982816164,0.00015692835516071,0.0478176745664672,304.7102259977,9.05407357421875e-05,273025872,288,33613956096.0,470984384.0,22521378.0,73910.8046875,0.5769558704
2362,2,631738728,False,0.497764855623245,3720,4650,5800,0.0147632483311826,0.00339302808850292,1.18677838594337,349.769690962684,0.00269525244570312,273025872,589,47152368640.0,648449120.0,769565400.0,2200206.078125,0.794350172
2363,2,631739168,False,0.999758660793304,6490,5150,7030,1.91517669974568,0.0181391493527472,10.5250622406759,580.240122400331,0.349644236020901,273025872,1129,2736038211368.0,15735239872.0,165614379024.766,285423866.139511,19.2756688432
2364,3,631740126,False,0.682534039020538,3520,3260,6540,0.0580976732247379,0.0206831990422144,6.06549761235827,293.257227761459,0.0106066017678436,273025872,84,35599387648.0,418622400.0,2539153167.67969,8658450.42272949,0.51281244
2365,3,631740478,False,0.336140006780624,9550,1240,8900,0.00212688314198909,0.000278760592419713,0.107365721863655,385.153873191661,0.000388294422851562,273025872,593,155507122176.0,1137086976.0,122084164.0,316975.0390625,1.3929315456
2366,2,631738954,False,0.252668529748917,8750,4150,10340,0.00225369841837498,0.00224066548980772,0.759085476398468,338.776794433594,0.00041144645390625,273025872,888,26278735872.0,149899504.0,113786536.0,335874.65625,0.1836268924
2367,2,631739093,False,0.0,0,0,0,0.0,0.0,0.0,0.0,0.0,273025872,1033,225356283904.0,1127772032.0,0.0,0.0,1.3815207392
2368,3,631740636,False,0.255401402711868,8490,340,7490,0.000283009645064129,0.000245812165593112,0.0908554308467724,369.613239554479,5.16676561218262e-05,273025872,805,28721224704.0,171584992.0,15589428.375,42177.6784667969,0.2101916152
2369,3,631740073,False,0.591678321361542,5500,4610,7080,0.029225285919814,0.00230749552059488,0.53573305733636,232.170789739278,0.0053355143519043,273025872,6,26095346688.0,1887553792.0,1011224963.875,4355521.91992188,2.3122533952
2370,3,631740331,False,0.246591672301292,6170,4770,9480,0.000704052290186164,0.00565125121182744,1.88418893736199,333.410932683118,0.00012853530703125,273025872,355,3018791936.0,18567000.0,34983736.0,104926.78125,0.022744575
2371,2,631738703,False,0.455506205558777,3430,3820,5790,0.0161476910459564,0.037939865142107,17.3669738769531,457.750030517578,0.00294800323125,273025872,556,10577966080.0,63430200.0,1101590656.0,2406533.25,0.077701995
2372,2,631739173,False,0.0141472015529871,10520,4570,6030,4.43851870955261e-07,3.06064157484798e-06,0.00179163098800927,585.377624511719,8.10318172454834e-08,273025872,599626927,3806990848.0,21612600.0,38721.8046875,66.1484222412109,0.026475435
2373,3,631740117,False,0.625811278820038,8540,3870,6010,0.00509539766716958,0.0105829352676705,3.76814352130577,356.058449380954,0.000930241279980469,273025872,67,6413859328.0,71755200.0,270383892.0,759380.63671875,0.08790012
2374,2,631739175,False,0.227336719632149,7790,3830,7370,0.000763617937939507,0.000904492102563381,0.273548513650894,302.433288574219,0.000139409909570312,273025872,563807435,8978070528.0,125820896.0,34418120.0,113804.0078125,0.1541305976
2375,3,631740235,False,0.198971331119537,12110,6610,6730,0.000257055006779642,7.47124300140249e-05,0.0205622412574171,275.21847774938,4.69292475585937e-05,273025872,235,18007821808.0,512760592.0,10543507.0,38309.58984375,0.6281317252
2376,1,631739648,False,0.256940215826035,6800,5350,5020,0.00279518733174224,0.000190485601002227,0.0865430466837184,454.32854886867,0.000510303377893066,273025872,637,349898832896.0,2186906432.0,189261545.4375,416574.186035156,2.6789603792
2377,3,631740249,False,0.162300497293472,7170,3080,9850,0.000376140800513225,0.000181556458430745,0.0775093466630482,426.915943023941,6.86701456054687e-05,273025872,252,73951719424.0,308759392.0,23931738.75,56057.26171875,0.3782302552
2378,1,631739673,False,0.12104881554842,3510,5820,5650,4.87708599170373e-05,2.25076400965918e-05,0.0051207491196692,227.511596679688,8.90385208740234e-06,273025872,605,44935434240.0,322932608.0,1653656.875,7268.45068359375,0.3955924448
2379,1,631739700,False,0.603384673595428,7030,5450,5660,0.0511608065015543,0.0142856865987464,7.2008471220961,504.060275459773,0.00934017268789062,273025872,571,106529487872.0,533725188.0,3843273484.0,7624630.765625,0.6538133553
2380,2,631738491,False,0.430610001087189,8060,4130,10470,0.000913453232331903,0.000967082451097667,0.395141810178757,408.591644287109,0.000166764590234375,273025872,234,31137013760.0,140768096.0,55623360.0,136134.359375,0.1724409176
2381,2,631739275,False,0.205319717526436,9700,3160,8140,0.000416938591925066,0.000422746117692441,0.159290492534637,376.799407958984,7.61183944335937e-05,273025872,484682508,18354016256.0,146985296.0,23413360.0,62137.46484375,0.1800569876
2382,2,631738406,False,0.186123117804527,8930,2270,9190,0.000235520689812759,0.00203976477496326,0.681784391403198,334.24658203125,4.29978349609375e-05,273025872,121,2028008448.0,17208000.0,11732146.0,35100.2734375,0.0210798
2383,3,631740328,False,0.4749935567379,5610,5160,6720,0.0101340447680575,0.00125166896473651,0.544875223445129,435.318953170523,0.00185012189277344,273025872,351,222091886592.0,1206631808.0,657463776.0,1510303.5859375,1.4781239648
2384,3,631740612,False,0.676899969577789,8970,5280,6540,0.152623725664247,0.00151254797323743,0.570704744867121,377.313483582008,0.027863750621875,273025872,771,1171257245440.0,15038147072.0,8582341888.0,22745918.875,18.4217301632
2385,1,631739989,False,0.200349614024162,7450,6740,5460,0.000404520251155185,0.00107556721195579,0.374747216701508,348.418212890625,7.38512400390625e-05,273025872,126,4861980672.0,56051100.0,21004994.0,60286.7265625,0.0686625975
2386,3,631740330,False,0.511517822742462,11060,4970,5480,0.0102504603730623,5.48159770650642e-05,0.0229582249992706,418.823602688323,0.0018713753078125,273025872,354,1607718926144.0,27868760064.0,639817264.0,1527653.3125,34.1392310784
2387,1,631739262,False,0.0,0,0,0,0.0,0.0,0.0,0.0,0.0,273025872,182305713,508397824.0,11054700.0,0.0,0.0,0.0135420075
2388,2,631738968,False,0.00495778862386942,7970,1550,9720,3.30723679367325e-07,5.49536366634129e-07,0.000158053488121368,287.612426757812,6.03785688400268e-08,273025872,905,19124776960.0,89691296.0,14176.0224609375,49.2886276245117,0.1098718376
2389,3,631740701,True,0.650980830192566,6260,540,6320,0.00101996249389938,0.143122164830648,165.249674068755,1154.60574722504,0.000186209453674316,273025872,894,420593586.75,1062083.69238281,175508984.0,152007.717285156,0.00130105252316895
2390,3,631740961,False,0.305012851953506,8310,4210,5790,0.00116961657734935,0.0118414623583598,4.98524333577892,420.998959833659,0.0002135310515625,273025872,549009211,3237247744.0,14720400.0,73384776.0,174311.0625,0.01803249
2391,2,631738764,False,0.559897780418396,3600,4330,7200,0.043691324230877,0.011989233084023,3.93665766716003,328.349426269531,0.00797650665,273025872,630,40290992128.0,543106816.0,2138025600.0,6511434.0,0.6653058496
2392,2,631739018,False,0.5929074883461,6920,3280,6130,0.00664468905976095,0.00331045610672941,1.43700469304046,434.080575821367,0.00121308766455078,273025872,958,30956573696.0,299135712.0,429859422.0,990275.64453125,0.3664412472
2393,3,631740643,False,0.0,0,0,0,0.0,0.0,0.0,0.0,0.0,273025872,816,58119997440.0,211433408.0,0.0,0.0,0.2590059248
2394,1,631739640,False,0.0,0,0,0,0.0,0.0,0.0,0.0,0.0,273025872,649,843932416.0,10012500.0,0.0,0.0,0.0122653125
2395,1,631740062,False,0.0,0,0,0,0.0,0.0,0.0,0.0,0.0,273025872,2,2341593600.0,51414300.0,0.0,0.0,0.0629825175
2396,3,631740318,False,0.460778176784515,9820,2490,7560,0.00121409238230154,2.93200863599087e-05,0.0099581142315487,339.634546409968,0.000221650776936138,273025872,339,806720118208.0,6171175880.0,61453274.3560181,180939.409743786,7.559690453
2397,3,631740931,False,0.62622457742691,9480,6900,5730,0.00610924486538959,0.000608972577005711,0.177652874829533,291.725574414277,0.00111533429469323,273025872,933,25037594640.0,1495103408.0,265609418.598633,910476.975259781,1.8315016748
2398,3,631740218,False,0.409761071205139,8000,2820,7170,0.00750367467439958,0.00097376479085076,0.342079663233825,351.295986924067,0.00136990837410889,273025872,215,170897850368.0,1148421632.0,392851685.125,1118292.55029297,1.4068164992
2399,3,631740362,False,0.469551295042038,6520,6950,7660,0.0153878531625753,0.0012561005251158,0.447386943598636,356.171289361885,0.00280928342734375,273025872,403,311634018304.0,1825723776.0,816804980.0,2293292.59375,2.2365116256
2400,2,631738566,False,0.309026151895523,7310,6240,8670,0.00112595364203117,0.000519525143317878,0.210616782307625,405.402496337891,0.000205559727734375,273025872,334,67296047104.0,322994688.0,68028104.0,167803.859375,0.3956684928
2401,3,631740390,True,1.0,6940,5240,6080,0.221696555407396,0.783239531149013,4562.86825200797,5825.63579919701,0.04047403185,273025872,444,198976438272.0,42183808.0,192479158272.0,33040026.0,0.0516751648
2402,1,631739324,False,0.0803139507770538,9300,4010,3150,1.45395546032482e-05,5.25288078279118e-06,0.00135536189191043,258.022583007812,2.65441380004883e-06,273025872,1084,69676376064.0,412510496.0,559101.0,2166.86840820312,0.5053253576
2403,1,631739978,False,0.0624075420200825,10320,2640,5450,3.55416125479347e-05,2.90453481284203e-05,0.0178632419556379,615.012145996094,6.48865452880859e-06,273025872,140,14261836800.0,182365200.0,3257633.75,5296.86083984375,0.22339737
2404,1,631738507,False,0.0,0,0,0,0.0,0.0,0.0,0.0,0.0,273025872,312782594,5865801728.0,35704800.0,0.0,0.0,0.04373838
2405,2,631739085,False,0.653778076171875,5850,4950,7350,0.0551276803317799,0.0116674350574613,4.33358669281006,371.425811767578,0.0100643850125,273025872,1022,88625053696.0,704167168.0,3051569408.0,8215824.5,0.8626047808
2406,2,631739128,False,0.441625267267227,3610,3620,6570,0.00123965450011937,0.0379158966243267,11.0523700714111,291.497009277344,0.000226317525,273025872,1081,385324096.0,4872600.0,53853780.0,184749.0,0.005968935
2407,1,631740026,False,0.0149354143068194,8150,4400,3230,6.03401001850511e-07,1.11740419015405e-05,0.00348725984804332,312.085815429688,1.1015990447998e-07,273025872,66,788827456.0,8047800.0,28064.76953125,89.9264526367188,0.009858555
2408,2,631738630,False,0.0303574502468109,13160,5180,6980,1.91490758023693e-06,3.77289183006724e-07,0.000129285632283427,342.669860839844,3.49595104217529e-07,273025872,429,50647748608.0,756405888.0,97792.4140625,285.383758544922,0.9265972128
2409,3,631740291,False,0.768908500671387,9400,4200,6930,1.00431433072819,0.00452754515722922,1.90637899645568,421.06239258856,0.18335264675,273025872,313,4279378225792.0,33058892800.0,63022778880.0,149675630.0,40.49714368
2410,3,631740116,False,0.167649909853935,8220,4450,8000,0.000221785187301456,0.00205355718621156,0.644692448217603,313.939369473779,4.04902129318237e-05,273025872,66,1505089664.0,16095600.0,10376711.7695312,33053.2350463867,0.01971711
2411,1,631740051,False,0.14345195889473,7730,3580,3000,8.88087278151437e-05,0.000429874315159395,0.129731923341751,301.790344238281,1.62133654785156e-05,273025872,27,2117078144.0,30789000.0,3994316.0,13235.400390625,0.037716525
2412,3,631740758,False,0.223387807607651,8340,3050,9950,0.000784954914555186,0.000436568391918045,0.16449709362209,376.795701812903,0.000143305294726562,273025872,954,49916223488.0,267962400.0,44079036.0,116983.9140625,0.32825394
2413,3,631740190,False,0.0,0,0,0,0.0,0.0,0.0,0.0,0.0,273025872,177,3295662592.0,26992800.0,0.0,0.0,0.03306618
2414,1,631738523,False,0.0,0,0,0,0.0,0.0,0.0,0.0,0.0,273025872,312782570,1929560960.0,17712000.0,0.0,0.0,0.0216972
2415,2,631738722,False,0.1987075060606,5720,2920,5760,0.000125855781335223,0.00011713188723661,0.0422646403312683,360.829528808594,2.29768608398437e-05,273025872,581,14595288064.0,160132496.0,6767942.5,18756.62109375,0.1961623076
2416,3,631740566,False,0.664515674114227,2760,5640,5900,0.186817784775626,0.000666334297877208,0.241535526456061,362.484007240118,0.03410638905625,273025872,698,4947819917952.0,41783756800.0,10092261696.0,27841950.25,51.18510208
2417,3,631740674,False,0.132711946964264,5900,1340,8250,0.000113400876640527,1.9181923608006e-05,0.00688104003982401,358.725234259199,2.07030311523437e-05,273025872,854,135517581312.0,881060416.0,6062612.0,16900.43359375,1.0792990096
2418,3,631740864,False,0.831267058849335,6770,5200,5940,0.0284638014934401,0.0369127928720799,26.2825550328366,712.017514467626,0.005196493946875,273025872,1077,32739180544.0,114920480.0,3020403840.0,4242035.875,0.140777588
2419,3,631740502,False,0.578893184661865,3040,3610,6150,0.00536676823028243,0.00188626108326904,0.578732764051554,306.8147719236,0.000979784047094726,273025872,620,41698994176.0,424025984.0,245397729.75,799823.711914062,0.5194318304
2420,1,631739906,False,0.0,0,0,0,0.0,0.0,0.0,0.0,0.0,273025872,237,158527104.0,4190400.0,0.0,0.0,0.00513324
2421,3,631740207,False,0.160431265830994,10800,4440,6650,0.000241163492865531,2.1976680263541e-05,0.015438160766044,702.479199811433,4.40280133056641e-05,273025872,202,223945064448.0,1635426048.0,25247970.25,35941.2353515625,2.0033969088
2422,1,631739819,False,0.0805265530943871,7080,5750,4380,2.84866556763554e-05,0.000757411296945065,0.228260233998299,301.368927001953,5.20066632080078e-06,273025872,356,535639872.0,5605200.0,1279444.25,4245.44189453125,0.00686637
2423,2,631738905,True,1.0,6860,5320,6170,0.0353975576579516,0.221170596801176,655.473848639344,2963.65727686935,0.00646235514768104,273025872,824,20650101810.4375,23852139.6315308,15634453762.5625,5275391.95729065,0.0292188710486252
2424,1,631739603,False,0.0,0,0,0,0.0,0.0,0.0,0.0,0.0,273025872,699,74754624.0,1377000.0,0.0,0.0,0.001686825
2425,3,631740322,False,0.367548078298569,4810,4930,9510,0.0145976716774168,0.00321197497366084,1.10667819447988,344.547576975217,0.00266502394375,273025872,344,143792627712.0,677318400.0,749573504.0,2175529.75,0.82971504
2426,2,631738662,False,0.240357503294945,6340,1690,7240,0.00386624204592617,0.00242472882382572,0.764139831066132,315.144439697266,0.0007058404828125,273025872,478,36791136256.0,237633296.0,181585072.0,576196.3125,0.2911007876
2427,2,631738447,False,0.0,0,0,0,0.0,0.0,0.0,0.0,0.0,273025872,177,1748308992.0,13496400.0,0.0,0.0,0.01653309
2428,2,631738837,False,0.559897780418396,3600,4330,7200,0.0713831847886618,0.00866564181433219,2.74524399185751,316.79638400437,0.0130320711992187,273025872,723,77721904000.0,1227655804.0,3370214720.0,10638425.46875,1.5038783599
2429,2,631738936,False,0.488921970129013,8900,4800,6480,0.00530142961714611,0.00289798947051167,0.915433287620544,315.885650634766,0.000967855503125,273025872,863,4080275296.0,272632512.0,249576880.0,790086.125,0.3339748272
2430,1,631739399,False,0.0908441245555878,7140,2220,5630,1.86992481992461e-05,0.000100403463875409,0.0338127426803112,336.768676757812,3.41382826538086e-06,273025872,982,3780610560.0,27756000.0,938506.4375,2786.79858398438,0.0340011
2431,3,631740389,False,0.325984120368958,8630,1620,7340,0.00214027239732989,0.0003715809100772,0.0599270225059487,161.275837592136,0.000390738832265663,273025872,443,14659512320.0,858414592.0,51442230.5742188,318970.475318909,1.0515578752
2432,2,631738570,False,0.184871345758438,5900,3450,5830,0.000145201072476459,0.00232130847871304,0.967981457710266,416.998229980469,2.65086339355469e-05,273025872,338,766162176.0,9322200.0,9023717.0,21639.701171875,0.011419695
2433,1,631739740,False,0.372771561145782,5180,7310,4370,0.00155221066159071,5.94055182221809e-05,0.0200513161203724,337.532887860334,0.000283379340917969,273025872,493,645199458304.0,3894083936.0,78081508.0,231330.07421875,4.7702528216
2434,1,631739303,False,0.146398961544037,4340,3550,5130,0.00011219678334873,4.48025894002058e-05,0.0163688771426678,365.355621337891,2.0483205859375e-05,273025872,1108,4483618304.0,373214688.0,6109105.5,16720.984375,0.4571879928
2435,3,631740640,False,0.0,0,0,0,0.0,0.0,0.0,0.0,0.0,273025872,811,178326454272.0,1013916608.0,0.0,0.0,1.2420478448
2436,2,631738830,True,1.0,7270,4930,6090,0.0163938317342842,0.578940755409347,1201.39300105281,2075.1570688841,0.00299293990625,273025872,709,6430897664.0,4220149.0,5070057472.0,2443216.25,0.005169682525
2437,1,631739727,False,0.445900976657867,7740,5610,5440,0.00888070225470803,0.0115464851260185,4.84261894226074,419.402008056641,0.001621305415625,273025872,525,18855331840.0,114624896.0,555084672.0,1323514.625,0.1404154976
2438,2,631738889,False,0.131303563714027,5580,4420,6450,0.000111419557497456,0.000136314512928948,0.0392747037112713,288.118286132812,2.03413116210937e-05,273025872,802,4167230464.0,121815000.0,4784248.0,16605.15234375,0.149223375
2439,2,631738484,False,0.617801666259766,4810,6420,6350,0.0215524293984909,0.0127466404810548,4.52046680450439,354.639862060547,0.00393471929375,273025872,226,30821756928.0,251989200.0,1139108864.0,3212015.75,0.30868677
2440,3,631740268,False,0.374251902103424,6470,1410,6530,5.94893746198587e-05,0.000286681650110911,0.091201270460263,318.127338896575,1.0860677734375e-05,273025872,279,1732495168.0,30925800.0,2820472.25,8865.859375,0.037884105
2441,3,631740868,False,0.325813800096512,7740,4520,6070,0.00240342222187419,0.000818714812587977,0.303951278859695,371.254158574337,0.00043878078023529,273025872,1083,15923174400.0,437500808.0,132978930.09375,358188.392028809,0.5359384898
2442,1,631739563,False,0.376807451248169,6390,6030,4840,0.00166090572363449,8.83960119126326e-05,0.0320295607467598,362.341694537267,0.000303223255023956,273025872,768,160520913712.0,2800230264.0,89690145.3457031,247529.187774658,3.4302820734
2443,2,631738948,False,0.824735879898071,6500,1190,6430,0.0652809120292128,0.00577271183362593,2.60524735601628,451.303898601133,0.0119180097670532,273025872,879,212520920832.594,1685340936.0,4390730017.5,9728987.56494141,2.0645426466
2444,3,631740508,False,0.561037302017212,6580,4830,6990,0.0454810384249204,0.00921772743293122,4.62928657725775,502.215606931398,0.00830324582354736,273025872,629,141562970112.0,735339584.0,3404097665.9375,6778159.85595703,0.9007909904
2445,1,631739441,False,0.182105451822281,11370,5220,5450,0.000118615948937884,4.14821357699223e-05,0.0228157928535099,550.014902319787,2.16551208312988e-05,273025872,938,18846316032.0,426150904.0,9722970.75,17677.6496582031,0.5220348574
2446,1,631739690,False,0.141564011573792,4270,4830,3080,8.14640706424931e-05,4.89880330860615e-05,0.0153485974296927,313.313201904297,1.48724881347656e-05,273025872,583,32782878720.0,247832096.0,3803875.0,12140.806640625,0.3035943176
2447,2,631739194,False,0.445812910795212,3920,5280,6030,0.039544306888925,0.00695910071954131,2.2445912361145,322.540435791016,0.007219406425,273025872,258,107347443712.0,846861312.0,1900857472.0,5893393.0,1.0374051072
2448,1,631739790,False,0.354992270469666,6870,5820,3210,0.00111770366732225,0.000182474861503579,0.0602661184966564,330.270812988281,0.00020405357109375,273025872,403,159710461952.0,912861888.0,55014644.0,166574.34375,1.1182558128
2449,3,631740379,False,0.477376729249954,6440,980,5960,0.00269763413080301,0.000440986585129449,0.185935071847371,421.634303893373,0.000492493577670288,273025872,430,144280018944.0,911673024.0,169511989.21875,402035.573608398,1.1167994544
2450,2,631738617,False,0.853757321834564,7340,4890,6000,0.0333354502984704,0.0564929671917891,41.6604759078204,737.445349018161,0.006085886515625,273025872,406,20208837632.0,87941400.0,3663680576.0,4968070.625,0.107728215
2451,3,631740095,False,0.375750243663788,8930,3890,5860,0.000817481657856278,0.00416108108725426,1.44982389988661,348.424813043788,0.000149243539648437,273025872,35,3220294912.0,29278800.0,42449104.0,121831.4609375,0.03586653
2452,1,631739682,False,0.101691134274006,7810,4610,5340,6.99116461759229e-05,0.000138129806146026,0.0470096655189991,340.329620361328,1.27634197509766e-05,273025872,595,2407181824.0,75429904.0,3545934.5,10419.1181640625,0.0924016324
2453,2,631738811,False,0.958819925785065,4000,5060,9330,2.07040738447595,0.00310229306161291,1.29740172897368,418.207339927823,0.377983926127159,273025872,688,15429297374392.3,99461366452.0,129041348800.909,308558307.042579,121.8401739037
2454,3,631740891,False,0.37036257982254,4320,2960,6530,0.00219735348886778,0.000438725259755854,0.132335415346783,301.636188945278,0.000401159841796875,273025872,1108,10737328640.0,746429376.0,98779041.5,327477.421875,0.9143759856
2455,3,631740709,False,0.165916860103607,9670,2450,9230,0.000251822827086818,0.000171737001002833,0.0719732458765538,419.089919215291,4.59740346679687e-05,273025872,902,34941278208.0,218530800.0,15728371.0,37529.82421875,0.26770023
2456,1,631739466,False,0.315787315368652,9270,6200,2070,0.00110649426353139,3.21537631967841e-05,0.00994869311769722,309.409914379548,0.00020200712627995,273025872,909,780259344384.0,5128599584.0,51022863.3847656,164903.776555061,6.2825344904
2457,3,631740856,False,0.676899969577789,8970,5280,6540,0.162874185361506,0.000565726433749338,0.214934138924171,379.925925503781,0.0297351258063095,273025872,1065,2778976171584.0,42906908072.0,9222159340.35387,24273572.0867833,52.5609623882
2458,1,631739953,False,0.32322171330452,6060,6900,5350,0.00126492528325253,0.00278668687678874,0.871427357196808,312.710906982422,0.000230931085546875,273025872,173,8195418624.0,67648496.0,58950752.0,188515.171875,0.0828694076
2459,1,631739796,False,0.0756176486611366,7960,230,4240,8.15980335240181e-06,3.40971091477778e-06,0.000936548965501578,274.671075909266,1.48969450683594e-06,273025872,394,72784977408.0,356651100.0,334021.21875,1216.0771484375,0.4368975975
2460,2,631738401,False,0.170079231262207,9600,3780,5930,0.000251659141272863,0.0114832455292344,4.97580003738403,433.309539794922,4.59441513671875e-05,273025872,115,512671168.0,3266100.0,16251460.0,37505.4296875,0.0040009725
2461,2,631738914,False,0.574169218540192,5050,6220,7320,0.0374163792505891,0.00365387082464968,1.43225484911901,391.982890981464,0.00683092131367187,273025872,835,213453856768.0,1526124640.0,2185799416.0,5576262.296875,1.869502684
2462,3,631740136,False,0.586288809776306,6270,5290,7220,0.00610866847465363,0.00900239968335796,2.93559231604428,326.089978150058,0.00111522906591797,273025872,102,10127203840.0,101127600.0,296869405.5,910391.07421875,0.12388131
2463,3,631740776,False,0.182105451822281,11370,5220,5450,0.000107045912519895,7.40716121566315e-05,0.0423803776003217,572.154113652938,1.9542837121582e-05,273025872,970,10184647680.0,215377200.0,9127767.0625,15953.3364257812,0.26383707
2464,2,631738329,False,0.460778176784515,9820,2490,7560,0.000347167072649848,2.58630880659781e-05,0.0102392715917569,395.902900907889,6.33805569503784e-05,273025872,4,273944985600.0,2000504736.0,20483711.3125,51739.2301635742,2.4506183016
2465,3,631740930,False,0.227632954716682,4800,3360,5880,0.000846569216736797,0.000248730406329079,0.0913353803465784,367.206332730139,0.000154553909863281,273025872,250,67954974720.0,507241792.0,46329122.0,126166.45703125,0.6213711952
2466,2,631739160,False,0.26376473903656,6120,4510,5700,0.00107679463770474,0.00822228193283081,3.52792882919312,429.0693359375,0.0001965850140625,273025872,1120,4337425920.0,19517400.0,68856000.0,160477.5625,0.023908815
2467,3,631740887,False,0.349631726741791,6100,4890,6300,0.00112231549874875,0.00111718696383146,0.479364237179795,429.081481165682,0.000204895530102539,273025872,1104,31474122752.0,149716800.0,71768879.625,167261.657226562,0.18340308
2468,2,631738853,False,0.488149672746658,8080,5060,6480,0.0126359262648315,0.00976350158452988,3.71000528335571,379.987152099609,0.002306877890625,273025872,749,25594361856.0,192878096.0,715578752.0,1883165.625,0.2362756676
2469,1,631739544,False,0.654443085193634,4400,5110,2530,0.000191155596084652,8.78745122463442e-05,0.151361495256424,1722.47314453125,3.48983215820312e-05,273025872,800,41839648768.0,324194400.0,49070548.0,28488.42578125,0.39713814
2470,2,631738386,False,0.0117771960794926,8900,6240,7590,1.63685271311588e-06,9.10325616132468e-06,0.00309103587642312,339.552764892578,2.9883201713562e-07,273025872,93,20429312.0,26797500.0,82832.03125,243.94450378418,0.0328269375
2471,2,631738802,False,0.50202751159668,9670,5120,5870,0.0025800461515473,0.00142020499333739,0.54334557056427,382.582458496094,0.000471026128125,273025872,679,21998333952.0,270743392.0,147107216.0,384511.125,0.3316606552
2472,2,631739083,True,0.135789468884468,6260,1090,6370,2.3693595287571e-06,0.378282099962234,382.215301513672,1010.39752197266,4.32562124633789e-07,273025872,1021,553549.5625,933.4619140625,356783.4375,353.111938476562,1.14349084472656e-06
2473,2,631738775,False,0.0,0,0,0,0.0,0.0,0.0,0.0,0.0,273025872,643,14568032256.0,66125700.0,0.0,0.0,0.0810039825
2474,3,631740423,False,0.0,0,0,0,0.0,0.0,0.0,0.0,0.0,273025872,506,246437720.0,10661400.0,0.0,0.0,0.013060215
2475,1,631739493,False,0.228789925575256,9510,3570,5680,0.000392567805556329,0.000850352225825191,0.316268175840378,371.926116943359,7.1669141796875e-05,273025872,872,10945496064.0,68801400.0,21759694.0,58505.421875,0.084281715
2476,3,631740649,True,1.0,6860,5320,6170,0.0353975576579516,0.221170596801176,655.473848639344,2963.65727686935,0.00646235514768104,273025872,824,20650101810.4375,23852139.6315308,15634453762.5625,5275391.95729065,0.0292188710486252
2477,3,631740599,False,0.317740112543106,8740,6170,4140,0.000973368195989608,5.71738690290849e-05,0.0164147978644346,287.103149448994,0.000177702965631852,273025872,752,14305292616.0,2537236816.0,41648229.4688416,145063.645413756,3.1081150996
2478,2,631739924,False,0.368222653865814,9700,2970,10320,0.00654378067395719,0.00868113525211811,3.27151298522949,376.853149414062,0.001194665325,273025872,312782632,17367576576.0,112339800.0,367521120.0,975237.0,0.137616255
2479,3,631740091,False,0.157357826828957,5450,6840,6020,0.000369683270651883,0.00122120435920156,0.420845491098344,344.615123527319,6.74912266601562e-05,273025872,576073699,3871257600.0,45115200.0,18986528.5,55094.87890625,0.05526612
2480,2,631738924,False,0.241543397307396,8140,3070,10030,0.000704944083001857,0.000327032641507685,0.141314134001732,432.110198974609,0.0001286981171875,273025872,847,83998605312.0,321251392.0,45397364.0,105059.6875,0.3935329552
2481,3,631740620,False,0.0,0,0,0,0.0,0.0,0.0,0.0,0.0,273025872,781,3136697984.0,21128400.0,0.0,0.0,0.02588229
2482,1,631739808,False,0.208195105195045,8100,5390,4390,0.000117164549512142,0.000197177665540949,0.0825622752308846,418.720245361328,2.139014609375e-05,273025872,374,15292598272.0,88556400.0,7311418.0,17461.34375,0.10848159
2483,1,631739341,False,0.244200468063354,7720,5920,5450,0.000221647969788317,0.000540609995368868,0.275228768587112,509.107788085938,4.04651618164062e-05,273025872,606826651,11188189184.0,61102800.0,16817248.0,33032.78515625,0.07485093
2484,1,631740046,False,0.0,0,0,0,0.0,0.0,0.0,0.0,0.0,273025872,33,79095488512.0,481888800.0,0.0,0.0,0.59031378
2485,2,631738967,False,0.547727227210999,4530,6430,5780,0.0216912592922532,0.00621919388941111,2.04091551414053,328.163995275243,0.0039600647734375,273025872,904,64938903552.0,519795008.0,1060857696.0,3232705.9375,0.6367488848
2486,1,631739793,False,0.0,0,0,0,0.0,0.0,0.0,0.0,0.0,273025872,398,25700932608.0,404388912.0,0.0,0.0,0.4953764172
2487,1,631739579,False,0.255865216255188,7180,4900,5420,0.00154407373362568,0.00237562390975654,1.18799471855164,500.076965332031,0.00028189382265625,273025872,741,23217909760.0,96866096.0,115076416.0,230117.40625,0.1186609676
2488,3,631740228,False,0.201396822929382,8290,1640,8780,0.000292942590722617,0.000320343013905765,0.126881965173034,396.081574016653,5.34810643554687e-05,273025872,312782620,24758697984.0,136285200.0,17292134.0,43658.01171875,0.16694937
2489,1,631739368,False,0.116163782775402,5590,5110,4220,3.95130903922459e-05,8.36270282889018e-06,0.00413681333884597,494.674224853516,7.2137073852539e-06,273025872,1022,76458573824.0,704167168.0,2913008.25,5888.74072265625,0.8626047808
2490,3,631740738,False,0.666020572185516,8030,4650,6930,0.0123803377196195,0.0029798321385407,1.02227003210663,343.062959448198,0.0022602163676239,273025872,932,14618718060.0,619187424.0,632976747.8125,1845074.58581543,0.7585045944
2491,2,631738557,False,0.150953233242035,7890,3480,7680,6.80202231770323e-05,0.000124533908092417,0.0374092347919941,300.393951416016,1.2418112109375e-05,273025872,325,9421979648.0,81401400.0,3045164.0,10137.234375,0.099716715
2492,2,631738538,False,0.178631648421288,6960,5250,8320,0.000431578551524542,0.000419076095568016,0.141411706805229,337.436798095703,7.8791138671875e-05,273025872,301,7673443072.0,153478800.0,21703698.0,64319.296875,0.18801153
2493,1,631739604,False,0.532769560813904,5710,7210,3690,0.00991297015730522,7.04482008586638e-05,0.0215171445161104,305.43212890625,0.00180976140625,273025872,698,2496905890944.0,20970815488.0,451232064.0,1477356.25,25.6892489728
2494,1,631739836,False,0.0,0,0,0,0.0,0.0,0.0,0.0,0.0,273025872,335,4062832128.0,24252300.0,0.0,0.0,0.0297090675
2495,3,631740125,False,0.139469355344772,12340,6950,5830,8.58838824896384e-05,2.77898336222477e-05,0.0121209187047017,436.163773754947,1.56793910888672e-05,273025872,83,28673363968.0,460582208.0,5582679.5,12799.5029296875,0.5642132048
2496,2,631739156,False,0.410587638616562,6370,3930,6490,0.00173336048067577,0.00514584966003895,1.88358354568481,366.039367675781,0.0003164509578125,273025872,1113,7355946496.0,50201100.0,94557968.0,258327.3125,0.0614963475
2497,1,631739758,False,0.0,0,0,0,0.0,0.0,0.0,0.0,0.0,273025872,456,758573120.0,7937100.0,0.0,0.0,0.0097229475
2498,1,631739976,False,0.0,0,0,0,0.0,0.0,0.0,0.0,0.0,273025872,143,667422208.0,9846000.0,0.0,0.0,0.01206135
2499,1,631739996,False,0.320227980613708,6330,6930,5630,0.000670449440435475,0.00108294107485563,0.461074411869049,425.761291503906,0.000122400602734375,273025872,118,7394615808.0,92266200.0,42541584.0,99918.859375,0.113026095
2500,1,631739536,False,0.0,0,0,0,0.0,0.0,0.0,0.0,0.0,273025872,811,91871215616.0,506958304.0,0.0,0.0,0.6210239224
2501,2,631738824,False,0.160431265830994,10800,4440,6650,0.000204294534491067,2.10942260009609e-05,0.0149867447044442,710.466679543568,3.72970318847656e-05,273025872,701,136774674944.0,1443359744.0,21631264.0,30446.556640625,1.7681156864
2502,2,631738800,False,0.546829104423523,5910,4780,10480,0.0840401744166244,0.0118459347088863,5.61337278305295,473.864909861611,0.0153427945227539,273025872,677,226718312704.0,1057301980.0,5935030158.0,12524730.2226562,1.2951949255
2503,1,631739737,False,0.272801041603088,8340,2180,4320,0.000521254525835961,8.22916772449389e-05,0.0290006343275309,352.412719726562,9.51628330078125e-05,273025872,502,176776167424.0,944007296.0,27376810.0,77683.9453125,1.1564089376
2504,2,631738562,False,0.238311991095543,6480,1400,6520,5.33176101784315e-05,0.000569426687434316,0.18152491748333,318.785400390625,9.73392955322266e-06,273025872,330,597996544.0,13954500.0,2533089.5,7946.06494140625,0.0170942625
2505,1,631739638,False,0.0,0,0,0,0.0,0.0,0.0,0.0,0.0,273025872,653,1249419520.0,13649400.0,0.0,0.0,0.016720515
2506,3,631740254,False,0.373895436525345,6220,7220,3660,0.00119174039914276,0.00176985599037586,0.508330692623351,287.215849983025,0.000217570087109375,273025872,260,15414547968.0,100351800.0,51011900.0,177608.234375,0.122930955
2507,1,631740060,False,0.247959926724434,5670,4500,5340,0.000609028966371429,0.000877141545061022,0.421331405639648,480.345977783203,0.000111187373828125,273025872,15,18113056768.0,103478400.0,43598700.0,90765.203125,0.12676104
2508,3,631740099,False,0.00340396608226001,9270,490,7010,7.16874322302861e-08,4.06249470404073e-08,1.09360088229211e-05,269.194414260865,1.30876161336899e-08,273025872,41,43735181312.0,262985408.0,2876.0107421875,10.6837682723999,0.3221571248
2509,2,631739187,False,0.262260347604752,2720,2810,6530,0.000750793619656039,0.00221570278517902,0.634516060352325,286.372375488281,0.000137068637890625,273025872,526157196,1458328064.0,50499900.0,32042998.0,111892.765625,0.0618623775
2510,3,631740280,False,0.400358408689499,3870,3640,5870,0.00309136488294945,0.00101917439629763,0.345352790537131,338.855442004529,0.0005643750328125,273025872,296,72118394880.0,452046592.0,156115552.0,460714.3125,0.5537570752
2511,2,631738685,False,0.434559255838394,6980,2850,10570,0.00510316979462883,0.00858356431126595,3.07075977325439,357.748779296875,0.0009316601984375,273025872,527,13040769024.0,88604096.0,272081888.0,760538.9375,0.1085400176
2512,2,631738704,False,0.30403009057045,7560,6290,5900,0.00173334716564079,0.00400016922207976,1.39243117689142,348.093067964626,0.000316448526953125,273025872,557,8069089408.0,64578600.0,89921256.0,258325.328125,0.079108785
2513,2,631738966,False,0.0,0,0,0,0.0,0.0,0.0,0.0,0.0,273025872,903,4056602112.0,92125800.0,0.0,0.0,0.112854105
2514,2,631738543,False,0.449844926595688,10590,6700,6070,0.00173547128067088,0.0010776772396639,0.537400722503662,498.665710449219,0.000316836316015625,273025872,307,12767438848.0,239999392.0,128975840.0,258641.890625,0.2939992552
2515,2,631738754,False,0.325984120368958,8630,1620,7340,0.00215163986042043,0.000699645952087892,0.11370924353495,162.523978300193,0.000392814133175659,273025872,618,5815180224.0,458324096.0,52115686.25,320664.598510742,0.5614470176
2516,3,631740319,False,0.574169218540192,5050,6220,7320,0.0370962222223644,0.00202927126232765,0.797053573572162,392.778229490084,0.00677247184550781,273025872,342,384252657664.0,2724400896.0,2171493470.0,5528548.4453125,3.3373910976
2517,3,631740352,False,0.336140006780624,9550,1240,8900,0.0031080914631744,7.2754427750812e-05,0.0281995094294911,387.598532505486,0.000567428720947266,273025872,385,1160883968512.0,6366720672.0,179538399.625,463207.119140625,7.7992328232
2518,2,631738360,False,0.532876253128052,7340,5410,6360,0.0137450531362416,0.0219493034814705,10.8215343435759,493.024043004891,0.00250936563896484,273025872,46,8820716173.5625,93326959.0,1009940892.0,2048461.74609375,0.114325524775
2519,1,631739933,False,0.0837699547410011,9730,6210,5640,4.69767113740379e-05,0.000133050998556428,0.0572946593165398,430.621765136719,8.57630335693359e-06,273025872,206,3586098176.0,52619400.0,3014810.5,7001.06396484375,0.064458765
2520,3,631740586,False,0.299932330846786,8130,4040,10100,0.0127222563385994,0.00402447849274757,1.41465442702231,351.512482815259,0.002322638740625,273025872,729,86855680000.0,471124800.0,666478784.0,1896031.625,0.57712788
2521,3,631740746,False,0.290650367736816,6450,1840,8020,0.00193163309401407,0.00108744301713101,0.384048992692147,353.167004286236,0.00035264859765625,273025872,182305709,36543508480.0,264727808.0,101668448.0,287876.40625,0.3242915648
2522,2,631738378,False,0.207551673054695,8620,2100,9250,0.000462108930741456,0.000739187875296921,0.275260895490646,372.382843017578,8.43649173828125e-05,273025872,74,17890381824.0,93168896.0,25645754.0,68869.3203125,0.1141318976
2523,1,631739696,False,0.0,0,0,0,0.0,0.0,0.0,0.0,0.0,273025872,576,305002528.0,2532600.0,0.0,0.0,0.003102435
2524,2,631738987,False,0.254387199878693,6520,730,8220,0.00105842859137572,0.00210860371589661,0.7507164478302,356.025390625,0.000193232016796875,273025872,182305693,7804800512.0,74808000.0,56159596.0,157740.421875,0.0916398
2525,2,631738412,False,0.732231080532074,8950,3800,6920,0.117396406418057,0.00755936931818724,2.71454381942749,359.096588134766,0.02143247505,273025872,128,193435320320.0,2314465280.0,6282717184.0,17495898.0,2.835219968
2526,1,631739718,False,0.0,0,0,0,0.0,0.0,0.0,0.0,0.0,273025872,538,2046872704.0,70977600.0,0.0,0.0,0.08694756
2527,2,631739060,False,0.709353506565094,6370,1360,6500,0.0884384570316784,0.00223611904318197,0.727491514623339,325.336666149995,0.0161457669925781,273025872,993,491703041825.938,5894238052.0,4288008168.0,13180217.953125,7.2204416137
2528,1,631739577,False,0.0,0,0,0,0.0,0.0,0.0,0.0,0.0,273025872,744,53383048.0,30121200.0,0.0,0.0,0.03689847
2529,1,631739537,False,0.0,0,0,0,0.0,0.0,0.0,0.0,0.0,273025872,810,24413880320.0,163526400.0,0.0,0.0,0.20031984
2530,2,631738680,False,0.0,0,0,0,0.0,0.0,0.0,0.0,0.0,273025872,519,66187167744.0,801917988.0,0.0,0.0,0.9823495353
2531,3,631740790,False,0.0727713853120804,10710,2920,4540,2.12877815913005e-05,1.2847635957736e-06,0.000807815831478706,628.766127975699,3.88640386657715e-06,273025872,984,605876191232.0,2469383936.0,1994807.4375,3172.57458496094,3.0249953216
2532,2,631738550,False,0.958819925785065,4000,5060,9330,1.78394624328625,0.00479458305143342,2.04632125742753,426.798584042829,0.325686147611866,273025872,315,8407477339832.28,55451379212.0,113471336035.19,265866242.948462,67.9279395347
2533,3,631740476,False,0.410121381282806,8110,1700,6650,0.00376792600307571,0.000945747198407307,0.283334714818819,299.588214795636,0.000687891414355469,273025872,590,89219018752.0,593756992.0,168231968.0,561544.01171875,0.7273523152
2534,1,631739357,False,0.0,0,0,0,0.0,0.0,0.0,0.0,0.0,273025872,1038,97328594944.0,583219776.0,0.0,0.0,0.7144442256
2535,1,631739552,False,0.0,0,0,0,0.0,0.0,0.0,0.0,0.0,273025872,786,4658142208.0,40391100.0,0.0,0.0,0.0494790975
2536,1,631739269,False,0.0,0,0,0,0.0,0.0,0.0,0.0,0.0,273025872,182305697,24249194496.0,149164192.0,0.0,0.0,0.1827261352
2537,3,631740488,False,0.39688840508461,10550,4920,5620,0.000858452859251325,0.00131343237973144,1.10053031096328,837.904050445527,0.000156723447070312,273025872,604,19783029760.0,97407000.0,107199356.0,127937.5078125,0.119323575
2538,1,631739676,False,0.0,0,0,0,0.0,0.0,0.0,0.0,0.0,273025872,601,8105286656.0,50253300.0,0.0,0.0,0.0615602925
2539,3,631740445,False,0.141253173351288,9030,6170,9200,8.56411935341032e-05,1.12960801713273e-05,0.00425370665987332,376.564843322416,1.56350845794678e-05,273025872,543,157630119936.0,1129890560.0,4806223.0,12763.3343505859,1.384115936
2540,1,631738434,False,0.0,0,0,0,0.0,0.0,0.0,0.0,0.0,273025872,589508451,643955008.0,46185300.0,0.0,0.0,0.0565769925
2541,2,631738890,False,0.653778076171875,5850,4950,7350,0.194315106477918,0.00687189446762204,2.60072350502014,378.4580078125,0.0354751376,273025872,803,550528981920.0,4214164736.0,10959877120.0,28959296.0,5.1623518016
2542,1,631739630,False,0.211958646774292,8210,7060,2710,0.000261036490558217,6.6740030888468e-05,0.0210370626300573,315.209075927734,4.76561271484375e-05,273025872,663,92398747648.0,582902976.0,12262566.0,38902.9609375,0.7140561456
2543,2,631739035,False,0.837775468826294,3420,2790,6330,0.190076386707689,0.0261161003648781,10.3571979422958,396.582866415405,0.0347012957210937,273025872,972,125593488864.0,1084679104.0,11234236184.0,28327588.34375,1.3287319024
2544,3,631740646,False,0.0849883630871773,10560,1740,5500,8.36772995912219e-06,1.04670317205924e-06,0.000730677346984707,698.075028804205,1.52765462799072e-06,273025872,820,183048323072.0,1191421824.0,870544.9375,1247.06500244141,1.4594917344
2545,2,631738400,False,0.0183635614812374,10380,6590,7270,1.82891068704312e-06,1.79471442152135e-06,0.000556786137167364,310.236602783203,3.33895081329346e-07,273025872,114,10286567424.0,151872304.0,84560.390625,272.567413330078,0.1860435724
2546,2,631739145,False,0.510024964809418,7790,3600,6290,0.0407075032473428,0.00648118107546097,2.47168605007631,381.363523298956,0.00743176536928711,273025872,1100,141552296960.0,936055816.0,2313636102.5,6066747.24023438,1.1466683746
2547,1,631739387,False,0.691186666488647,6840,5820,3210,0.455645593428003,0.00029826580430381,0.120610065758228,404.37109375,0.0831849382,273025872,997,30243797430648.7,227669655552.0,27459252224.0,67906072.0,278.8953280512
2548,2,631738988,False,0.305454939603806,9630,5750,9470,0.00121524081011305,8.01920613994852e-05,0.029457805872143,367.340673852937,0.000221860439660645,273025872,926,308811104256.0,2258460000.0,66529276.25,181110.562988281,2.7666135
2549,1,631739339,False,0.240750640630722,8130,2530,5090,0.00026944370324919,0.000616138626355678,0.240472570061684,390.289733886719,4.91909899414062e-05,273025872,1061,11496456192.0,65173500.0,15672439.0,40155.91015625,0.0798375375
2550,2,631739261,False,0.185583636164665,6550,2620,6220,0.000111385038007147,5.37743835593574e-05,0.0275415554642677,512.168701171875,2.03350095703125e-05,273025872,10704,61079691264.0,308697312.0,8502004.0,16600.0078125,0.3781542072
2551,2,631738969,True,0.267108589410782,6370,1120,6460,1.58076789940257e-05,0.267362505197525,186.329177856445,696.915893554688,2.88592893066406e-06,273025872,906,2972372.25,8811.4833984375,1641836.5,2355.8603515625,1.07940671630859e-05
2552,1,631739791,False,0.0461804196238518,7840,1390,1700,7.05966824468714e-06,3.08358331442951e-06,0.000749075397830251,242.923677244257,1.28884833984375e-06,273025872,402,61403770624.0,341200800.0,255585.125,1052.12109375,0.41797098
2553,1,631739434,False,0.0,0,0,0,0.0,0.0,0.0,0.0,0.0,273025872,945,51451207680.0,423906304.0,0.0,0.0,0.5192852224
2554,1,631739543,False,0.0887060090899467,6120,3270,5140,4.1538669576565e-05,5.08198354509659e-05,0.0182456597685814,359.026336669922,7.58350725097656e-06,273025872,802,4100411904.0,121815000.0,2222595.0,6190.6181640625,0.149223375
2555,3,631740072,False,0.460778176784515,9820,2490,7560,0.000351148492974983,1.30798470153409e-05,0.00526181579456765,402.284200143646,6.41074249558449e-05,273025872,4,556992921600.0,4001009472.0,21052574.8339844,52332.5918006897,4.9012366032
2556,3,631740869,False,0.177141383290291,9680,3150,8140,0.000328982283541524,5.94277033658837e-05,0.0201444013681533,338.973243575114,6.00606509094238e-05,273025872,1084,135001874432.0,825020992.0,16619554.0,49029.1027832031,1.0106507152
2557,3,631740532,False,0.499548375606537,5360,4700,9260,0.00179790946374761,0.00756707838411052,2.34723916677963,310.190941289627,0.00032823534296875,273025872,662,4005860096.0,35409600.0,83114800.0,267947.21875,0.04337676
2558,1,631739666,False,0.0,0,0,0,0.0,0.0,0.0,0.0,0.0,273025872,613,28763129856.0,141534896.0,0.0,0.0,0.1733802476
2559,1,631739483,False,0.0,0,0,0,0.0,0.0,0.0,0.0,0.0,273025872,888,24141334528.0,149899504.0,0.0,0.0,0.1836268924
2560,3,631740248,False,0.183398559689522,7800,3090,10580,4.14652861726226e-05,1.45408653263557e-05,0.00661068792189506,454.628233844722,7.57011000976562e-06,273025872,251,93699891200.0,424987200.0,2809457.75,6179.681640625,0.52060932
2561,2,631738581,False,0.4749935567379,5610,5160,6720,0.00963817886865642,0.0023808479309082,1.03942584991455,436.578033447266,0.001759594134375,273025872,351,112702193664.0,603315904.0,627102144.0,1436403.375,0.7390619824
2562,3,631740693,False,0.120600357651711,10240,4100,6040,7.05157051072673e-05,0.000112565072093343,0.0763628935814466,678.388883526178,1.28736997703552e-05,273025872,880,17008654336.0,93360600.0,7129285.5625,10509.1426696777,0.114366735
2563,1,631739296,False,0.264213889837265,6130,4500,5680,0.000290585593633762,0.00221887859515846,1.01514458656311,457.50341796875,5.30507591796875e-05,273025872,1120,4214405120.0,19517400.0,19812982.0,43306.7421875,0.023908815
2564,1,631738510,False,0.0,0,0,0,0.0,0.0,0.0,0.0,0.0,273025872,312782590,12775729152.0,66575700.0,0.0,0.0,0.0815552325
2565,1,631739492,False,0.299987554550171,4940,4080,1150,0.00139957834489814,0.000374388939235359,0.0961768701672554,256.890258789062,0.000255514021875,273025872,873,67627163648.0,557128832.0,53582908.0,208582.875,0.6824828192
2566,1,631739744,False,0.60417652130127,2510,3340,5680,0.00885588806194784,0.00696918461471796,1.79210901260376,257.147583007812,0.0016167752125,273025872,484,5826903040.0,189378896.0,339387616.0,1319816.5,0.2319891476
2567,3,631740229,False,0.293556600809097,9210,6310,3630,0.000659264260622352,4.7095217451732e-05,0.0140757008813746,298.877500582746,0.000120358580371094,273025872,229,2004117088.0,2086239488.0,29365283.0,98251.90234375,2.5556433728
2568,1,631739431,False,0.0,0,0,0,0.0,0.0,0.0,0.0,0.0,273025872,949,42585560.0,6042600.0,0.0,0.0,0.007402185
2569,2,631738787,False,0.120591171085835,10500,6620,7070,6.57871961407879e-05,2.3762344426359e-05,0.0161358546465635,679.051513671875,1.20104395263672e-05,273025872,661,34842718208.0,412604096.0,6657720.0,9804.4404296875,0.5054400176
2570,1,631739857,False,0.163790598511696,5810,2890,5270,4.50441211963575e-05,3.14514800265897e-05,0.010591228492558,336.748168945312,8.22348002929687e-06,273025872,310,12398308352.0,213441296.0,2260605.5,6713.044921875,0.2614655876
2571,2,631739938,False,0.316834509372711,9360,3110,9690,0.00303361243891713,0.00557345896959305,2.14817667007446,385.4296875,0.0005538314578125,273025872,312782648,16618967040.0,81117904.0,174255584.0,452107.3125,0.0993694324
2572,1,631739949,False,0.589076578617096,7140,5080,5620,0.033658821544688,0.0262935422360897,13.1310434341431,499.40185546875,0.0061449227875,273025872,181,48836857856.0,190779296.0,2505131264.0,5016263.5,0.2337046376
2573,2,631738960,False,0.472580999135971,6700,4960,7420,0.00428047645384618,0.00059845102566951,0.219345586835326,366.522200525826,0.000781465187890625,273025872,896,38473441792.0,1065969876.0,233815788.0,637930.765625,1.3058130981
2574,1,631739256,False,0.104211449623108,8610,4300,3710,2.21235400283984e-05,4.17148039559834e-05,0.0155083928257227,371.771911621094,4.03898410644531e-06,273025872,560581563,11260624896.0,79039800.0,1225780.25,3297.1298828125,0.096823755
2575,3,631740110,False,0.582905530929565,3600,5680,6720,0.0282109375249759,0.00106137528417813,0.447058972989847,421.207257841908,0.00515032983623047,273025872,56,727212720128.0,3961229312.0,1770903108.0,4204350.88671875,4.8525059072
2576,3,631740473,False,0.0,0,0,0,0.0,0.0,0.0,0.0,0.0,273025872,496345672,14409719808.0,86265000.0,0.0,0.0,0.105674625
2577,2,631738634,False,0.62338650226593,6230,680,6040,0.0168078785784437,0.00581722473725677,2.42494440078735,416.855865478516,0.00306853036875,273025872,434,57069890560.0,430604416.0,1044191744.0,2504922.75,0.5274904096
2578,2,631738856,True,0.0588000863790512,7580,5400,6090,1.30697202510989e-06,0.198961511254311,191.738815307617,963.698059082031,2.38607349014282e-07,273025872,753,622530.4375,978.990905761719,187710.5625,194.781509399414,1.19926385955811e-06
2579,1,631739551,False,0.229151979088783,7810,7200,2110,0.000510430345977297,0.000141863449243829,0.0421557873487473,297.157470703125,9.31867166015625e-05,273025872,788,98367676416.0,536225408.0,22605004.0,76070.7890625,0.6568761248
2580,3,631740695,False,0.232805833220482,6530,5430,9210,0.00118589113165119,0.00120110756975682,0.409385825954692,340.840267984971,0.000216502215584183,273025872,884,18153801728.0,147144608.0,60238916.8808594,176736.5025177,0.1802521448
2581,1,631739361,False,0.0,0,0,0,0.0,0.0,0.0,0.0,0.0,273025872,1031,6897558016.0,190610096.0,0.0,0.0,0.2334973676
2582,3,631740710,False,0.0,0,0,0,0.0,0.0,0.0,0.0,0.0,273025872,903,7665497600.0,184251600.0,0.0,0.0,0.22570821
2583,2,631738426,False,0.0531372353434563,10600,4370,6660,9.86459307054514e-06,0.000225527561269701,0.123342491686344,546.906494140625,1.80092944335937e-06,273025872,147,980798592.0,6518700.0,804032.6875,1470.146484375,0.0079854075
2584,3,631740205,False,0.316834509372711,9360,3110,9690,0.00303361243891713,0.0027867295024043,1.07408830484575,385.429695964053,0.0005538314578125,273025872,312782648,31041501184.0,162235808.0,174255584.0,452107.3125,0.1987388648
2585,3,631740444,False,0.34164947271347,6340,1020,5750,0.00462635516785533,0.000808606382935674,0.286359209138336,354.139189575401,0.000844610535644531,273025872,542,107408015360.0,852674432.0,244171176.0,689477.98828125,1.0445261792
2586,3,631740830,False,0.367826014757156,9250,3430,5860,0.00187442093111594,0.00737055486378256,2.65930903833164,360.801742538945,0.000342203659082031,273025872,614454277,6084489216.0,37900800.0,100789940.0,279349.92578125,0.04642848
2587,2,631738991,False,0.18194092810154,6100,1150,8540,0.000108862474486699,0.000108766478660982,0.0402039065957069,369.635070800781,1.98744777587891e-05,273025872,182305697,25278173184.0,149164192.0,5996983.0,16224.0634765625,0.1827261352
2588,3,631740634,False,0.653778076171875,5850,4950,7350,0.203115178751946,0.00359155336119704,1.3513015161272,376.244309976457,0.037081722803125,273025872,803,1072543057312.0,8428329216.0,11389214048.0,30270794.125,10.3247032896
2589,2,631738597,False,0.41452619433403,8840,5110,6900,0.00251856004589348,0.00423851562663913,1.64558970928192,388.246704101562,0.0004598009171875,273025872,374,15789060096.0,88556400.0,145727504.0,375347.6875,0.10848159
2590,2,631738513,False,0.401464700698853,5140,6330,6380,0.00529870789818357,0.0189598239958286,6.69790649414062,353.268371582031,0.0009673586125,273025872,263,6220720640.0,41650200.0,278969152.0,789680.5,0.051021495
2591,1,631739964,False,0.120959028601646,7930,3140,5460,2.79473541670268e-05,0.000176433619344607,0.0608396977186203,344.830535888672,5.10220874023437e-06,273025872,158,995570304.0,23607000.0,1436242.75,4165.068359375,0.028918575
2592,1,631739457,False,0.0727713853120804,10710,2920,4540,1.29298595528036e-05,1.04969788283741e-06,0.000636627133981121,606.486060789483,2.36053982162476e-06,273025872,920,449910407168.0,1835738944.0,1168681.22265625,1926.97128295898,2.2487802064
2593,1,631739411,False,0.0,0,0,0,0.0,0.0,0.0,0.0,0.0,273025872,969,19273625600.0,173301296.0,0.0,0.0,0.2122940876
2594,1,631739391,False,0.0,0,0,0,0.0,0.0,0.0,0.0,0.0,273025872,990,23268308992.0,96127200.0,0.0,0.0,0.11775582
2595,2,631739041,False,0.337506264448166,7920,4390,9930,0.0162346266917091,0.0138425575569272,4.62499189376831,334.113983154297,0.0029638746375,273025872,977,30950889472.0,174786304.0,808385280.0,2419489.5,0.2141132224
2596,3,631740897,False,0.676899969577789,8970,5280,6540,0.114719504213539,0.0054871568833955,2.00228890082793,364.904620621835,0.0209437663964718,273025872,1117,280294059648.0,3115812528.0,6238756841.875,17096952.1603851,3.8168703468
2597,1,631739726,False,0.315787315368652,9270,6200,2070,0.000281152834931161,7.47237208997831e-05,0.0236341487616301,316.287109375,5.1328667578125e-05,273025872,526,82145173504.0,560745024.0,13252731.0,41900.953125,0.6869126544
2598,3,631740317,False,0.184871345758438,5900,3450,5830,0.000147490148430046,0.00117895176224947,0.493700257349392,418.762050456924,2.69265390892029e-05,273025872,338,1460926912.0,18644400.0,9204745.078125,21980.848236084,0.02283939
2599,2,631738808,True,0.295591294765472,6490,1050,6090,4.86240865564778e-05,0.224243313074112,446.599792480469,1991.58581542969,8.8770564086914e-06,273025872,687,22237448.0,32315.6875,14432179.0,7246.57666015625,3.95867171875e-05
2600,3,631740247,False,0.26024317741394,9020,2350,9230,0.000265532044772196,0.00272495905032915,0.898332575882774,329.668284657072,4.84768580078125e-05,273025872,312782598,1623444864.0,14522400.0,13045945.0,39572.9453125,0.01778994
2601,3,631740630,False,0.992675125598907,6470,5200,6960,0.270841041103555,0.0250220443595927,14.8044267067809,591.655361729278,0.049446094928125,273025872,797,330107438592.0,1613143936.0,23881671168.0,40364159.125,1.9761013216
2602,2,631738676,False,0.142479479312897,6360,1790,7440,0.000389162249462306,0.00258678919635713,0.750610411167145,290.170684814453,7.10474064453125e-05,273025872,510,1343019648.0,22420800.0,16829286.0,57997.8828125,0.02746548
2603,3,631740535,False,0.499671190977097,4820,6720,8530,0.00171735093343233,0.000314500246255425,0.0758487327612417,241.172252372866,0.000313528174804687,273025872,665,16720581120.0,813803392.0,61725956.0,255941.3671875,0.9969091552
2604,2,631738766,False,0.511187970638275,6720,2610,6170,0.000948366407336592,0.000195746732060798,0.289190709590912,1477.37182617188,0.0001731385140625,273025872,632,105002065920.0,722043008.0,208808128.0,141337.5625,0.8845026848
2605,1,631739694,False,0.137881591916084,4190,4600,3190,0.000140096158831618,5.3362178732641e-05,0.015552069991827,291.443695068359,2.55766553710937e-05,273025872,579,28444928000.0,391267808.0,6085024.5,20878.90234375,0.4793030648
2606,3,631740521,False,0.351481229066849,7480,7410,2340,0.00528738178344304,0.000350544780155922,0.112518650404481,320.982244706176,0.000965290860351562,273025872,647,366825971712.0,2247908352.0,252931614.0,787992.5390625,2.7536877312
2607,2,631738714,False,0.89247864484787,7110,5000,5850,0.0954162520698203,0.0268628251807581,16.8469967262202,627.149103374568,0.0174196681503906,273025872,571,114592218088.0,529361196.0,8918146336.0,14220137.265625,0.6484674651
2608,2,631738407,False,0.0,0,0,0,0.0,0.0,0.0,0.0,0.0,273025872,122,9808542720.0,164670304.0,0.0,0.0,0.2017211224
2609,2,631739137,False,0.472580999135971,6700,4960,7420,0.00244963261800987,0.00733299273997545,3.0827431678772,420.393585205078,0.00044721718125,273025872,1092,6221083136.0,49785300.0,153475296.0,365075.25,0.0609869925
2610,1,631739985,False,0.0158870872110128,7820,5360,2020,1.30478394368849e-06,5.14255987127399e-07,0.000161489166202955,314.024871826172,2.3820788192749e-07,273025872,131,84147937280.0,378129600.0,61063.8359375,194.455413818359,0.46320876
2611,3,631740927,False,0.275044083595276,7110,3100,3230,0.000216883388961938,8.56787200642895e-05,0.0378758119340377,442.067900939899,3.95953161132812e-05,273025872,496345668,56544059392.0,377254784.0,14288831.25,32322.70703125,0.4621371104
2612,2,631738342,False,0.338594526052475,7700,670,8560,0.00356785594356087,0.000480951709638693,0.198769036182875,413.282731299983,0.000651365623748779,273025872,22,254626174848.0,1105572616.0,219753603.3125,531727.039794922,1.3543264546
2613,2,631738843,False,0.583056926727295,2700,3360,5700,0.0441037763637005,0.0104378763478359,3.41112983371653,326.8030507397,0.00805180597402344,273025872,731,51335190072.0,629716488.0,2148044699.0,6572902.8359375,0.7714026978
2614,2,631739192,True,0.998563170433044,6330,800,6190,0.0415182932908631,0.242867775593493,448.627529281323,1847.20895221697,0.00757978725435791,273025872,254,19481817758.75,25477161.0478516,11429755814.0,6187581.43212891,0.0312095222836182
2615,3,631740970,False,0.495388716459274,2110,3320,6690,0.00667205866459986,0.0016944543440523,0.465908809349507,274.960969579907,0.00121808439648437,273025872,151,11329796736.0,586828800.0,273408707.5,994354.609375,0.71886528
2616,1,631739979,False,0.0,0,0,0,0.0,0.0,0.0,0.0,0.0,273025872,139,114889015296.0,642948288.0,0.0,0.0,0.7876116528
2617,2,631739052,False,0.550862908363342,9790,5930,6490,0.0223500809155531,0.0012773569196802,0.546051719883477,427.485624002557,0.00408034254372539,273025872,987,219218421632.0,2607643816.0,1423908390.57031,3330891.87242889,3.1943636746
2618,3,631740172,False,0.266709536314011,8320,6140,6250,0.00154345411270624,0.00120185186290149,0.502541712882415,418.139479909934,0.0002817807015625,273025872,606826647,23692392448.0,191392192.0,96182560.0,230025.0625,0.2344554352
2619,1,631739329,False,0.346768766641617,6930,5360,5440,0.00721308952962404,0.0157863758504391,7.16075992584229,453.603790283203,0.001316857696875,273025872,1077,16363077632.0,68095800.0,487617664.0,1074985.875,0.083417355
2620,1,631739584,False,0.60417652130127,2510,3340,5680,0.00893893907654945,0.00211554538986496,0.544613755797335,257.434209829031,0.00163193742106018,273025872,731,40888609192.0,629716488.0,342952261.617188,1332193.81311035,0.7714026978
2621,2,631738399,False,0.102308444678783,5770,1180,7910,7.57154943147466e-05,3.87825857615098e-05,0.0140252634882927,361.638153076172,1.38229992919922e-05,273025872,113,48571154432.0,290957408.0,4080754.25,11284.0810546875,0.3564228248
2622,2,631738917,False,0.0,0,0,0,0.0,0.0,0.0,0.0,0.0,273025872,839,10986549248.0,78387296.0,0.0,0.0,0.0960244376
2623,1,631739616,False,0.191058859229088,8150,4940,5530,0.000240955006414666,0.00121273461263627,0.388999104499817,320.761932373047,4.39899509765625e-05,273025872,681,1398230656.0,29610900.0,11518614.0,35910.1640625,0.0362733525
2624,3,631740686,False,0.287855505943298,9430,3480,5750,0.00132940894926297,0.00143983511781737,0.557604103986256,387.269415147702,0.00024270354609375,273025872,872,21186844672.0,137602800.0,76727886.0,198125.34375,0.16856343
2625,1,631739301,False,0.0,0,0,0,0.0,0.0,0.0,0.0,0.0,273025872,1111,37575380992.0,158852704.0,0.0,0.0,0.1945945624
2626,2,631739874,False,0.117085292935371,7500,1430,8100,0.000111383622629412,0.000165142031619325,0.0638081133365631,386.383239746094,2.0334751171875e-05,273025872,312782566,21709574144.0,100518304.0,6413883.5,16599.796875,0.1231349224
2627,3,631740813,False,0.679405927658081,6160,1960,6900,0.211680042505584,0.000747536550746891,0.220069200788596,294.392562569304,0.0386453671625,273025872,1009,1134367043535.22,42201600000.0,9287272384.0,31547238.5,51.69696
2628,1,631739855,False,0.553378641605377,8440,3640,5530,0.0748646535666384,0.000674839946441352,0.260156214237213,385.508026123047,0.01366766555,273025872,313,2123582533728.0,16533221376.0,4301220352.0,11157278.0,20.2531961856
2629,2,631738981,False,0.564376652240753,9530,3220,9560,0.0229044442891409,0.00118931850430432,0.409218569210883,344.078199178657,0.00418154989355469,273025872,918,468655734784.0,2870139584.0,1174514414.0,3413510.1171875,3.5159209904
2630,2,631738440,False,0.0,0,0,0,0.0,0.0,0.0,0.0,0.0,273025872,164,12899032.0,194400.0,0.0,0.0,0.00023814
2631,1,631740045,False,0.0,0,0,0,0.0,0.0,0.0,0.0,0.0,273025872,35,1651978496.0,14639400.0,0.0,0.0,0.017933265
2632,2,631739223,False,0.166196197271347,9880,5300,6970,0.000252220705494478,0.000259887165157124,0.127671703696251,491.258209228516,4.60466733398437e-05,273025872,549009215,13468645376.0,144636304.0,18465964.0,37589.12109375,0.1771794724
2633,1,631739582,False,0.0,0,0,0,0.0,0.0,0.0,0.0,0.0,273025872,733,122914881536.0,740097024.0,0.0,0.0,0.9066188544
